2020-02-08 20:49:09|[0, 0, 0, 0, 0, 0, 0, 0, 0, 0, 0, 0, 0, 0, 0, 0, 0, 0, 0, 1]|(0.884855497383777, 0.0921806651286655, 0.814352696281278, 0.13265558657664725, 0.5487034092461927, 0.2656059894839909, 0.8513626761899311, 0.12648874084143455, 0.4793836805555556, 0.33095546435065853, 0.7963107638888889, 0.09864641518414002)
2020-02-08 20:49:11|[0, 0, 0, 0, 0, 0, 0, 0, 0, 0, 0, 0, 0, 0, 0, 0, 0, 0, 0, 2]|(0.9400770135573399, 0.07843299077323145, 0.8959522086993881, 0.12800500466528628, 0.6014329028356348, 0.31288780661188753, 0.9199845226785122, 0.07348205557916374, 0.5180989583333333, 0.3297181907806568, 0.8283998842592593, 0.10827867868756168)
2020-02-08 20:49:14|[0, 0, 0, 0, 0, 0, 0, 0, 0, 0, 0, 0, 0, 0, 0, 0, 0, 0, 0, 3]|(0.9398314111026717, 0.07910609905741112, 0.8955664611499182, 0.12867870627355432, 0.5399471964823861, 0.3251213362196643, 0.8523504738020946, 0.3252830679623235, 0.44904513888888886, 0.33958607373283606, 0.8124421296296296, 0.11217105114291373)
2020-02-08 20:49:15|[0, 0, 0, 0, 0, 0, 0, 0, 0, 0, 0, 0, 0, 0, 0, 0, 0, 0, 1, 0]|(0.8871123702437789, 0.1369114257334558, 0.8475597753296613, 0.1824116830108959, 0.6214141489456764, 0.27473090877004414, 0.8708042252330935, 0.16093728080734374, 0.5493923611111111, 0.31461081816330144, 0.823046875, 0.10203210056551498)
2020-02-08 20:49:17|[0, 0, 0, 0, 0, 0, 0, 0, 0, 0, 0, 0, 0, 0, 0, 0, 0, 0, 1, 1]|(0.9196498202100212, 0.0920899533229983, 0.8757609500358434, 0.11901779111503213, 0.5826816218252673, 0.3117411005868146, 0.9167903266253496, 0.12464650551336141, 0.5000434027777778, 0.34257679976375566, 0.8243634259259259, 0.1065805384157046)
2020-02-08 20:49:20|[0, 0, 0, 0, 0, 0, 0, 0, 0, 0, 0, 0, 0, 0, 0, 0, 0, 0, 1, 2]|(0.9608543339482061, 0.04306982461764508, 0.9338287617375245, 0.0731954290500437, 0.5962572442495416, 0.34379685857646014, 0.8967554051144557, 0.2501528269820595, 0.5122395833333333, 0.35176669095914254, 0.8355902777777778, 0.11612631089503439)
2020-02-08 20:49:23|[0, 0, 0, 0, 0, 0, 0, 0, 0, 0, 0, 0, 0, 0, 0, 0, 0, 0, 1, 3]|(0.9608099817346644, 0.043149628585770476, 0.9336427587508724, 0.07336556244605115, 0.5558785641208932, 0.34936344441318407, 0.8912221917376083, 0.2738999366676334, 0.46966145833333334, 0.3541678554539894, 0.822511574074074, 0.11804260493145588)
2020-02-08 20:49:25|[0, 0, 0, 0, 0, 0, 0, 0, 0, 0, 0, 0, 0, 0, 0, 0, 0, 0, 2, 0]|(0.9717470145519869, 0.03625855930278342, 0.9528123209774282, 0.06983122497255566, 0.785682100123601, 0.2693037719725614, 0.9908539042250114, 0.008976376653236166, 0.7202256944444445, 0.31418281229618816, 0.904933449074074, 0.10426416375897411)
2020-02-08 20:49:28|[0, 0, 0, 0, 0, 0, 0, 0, 0, 0, 0, 0, 0, 0, 0, 0, 0, 0, 2, 1]|(0.9775438699604553, 0.023216265226919598, 0.9555092573294621, 0.05295714338586397, 0.6494229777252056, 0.33769141593935176, 0.88636444152113, 0.21664445108209202, 0.5697916666666667, 0.34455818294619733, 0.8532118055555555, 0.11548676924115384)
2020-02-08 20:49:32|[0, 0, 0, 0, 0, 0, 0, 0, 0, 0, 0, 0, 0, 0, 0, 0, 0, 0, 2, 2]|(0.9778805127555941, 0.026448000709410485, 0.9598068136323662, 0.05529059413625633, 0.6863459754777024, 0.349586836546353, 0.8802264940525013, 0.30572968228440767, 0.6143663194444444, 0.3464502676435737, 0.8707609953703704, 0.11577411176176712)
2020-02-08 20:49:36|[0, 0, 0, 0, 0, 0, 0, 0, 0, 0, 0, 0, 0, 0, 0, 0, 0, 0, 2, 3]|(0.9779031748830537, 0.026496115970687312, 0.9596784268752026, 0.0553874570953946, 0.6349397202383393, 0.3416804193378746, 0.8844528488458598, 0.2999393514290868, 0.5497829861111111, 0.34294610587720303, 0.8495081018518518, 0.11452924611380128)
2020-02-08 20:49:39|[0, 0, 0, 0, 0, 0, 0, 0, 0, 0, 0, 0, 0, 0, 0, 0, 0, 0, 3, 0]|(0.9719796112437308, 0.03546579740676024, 0.9530479450832088, 0.06917055429449527, 0.4884942804555955, 0.34239718305824496, 0.8602689327851187, 0.32672812238676513, 0.3930989583333333, 0.3124658757169073, 0.7973668981481481, 0.10437586295030885)
2020-02-08 20:49:43|[0, 0, 0, 0, 0, 0, 0, 0, 0, 0, 0, 0, 0, 0, 0, 0, 0, 0, 3, 1]|(0.9776895857445987, 0.02298847730380878, 0.9557167662384665, 0.052730717926027036, 0.5069306907304325, 0.35428963044658957, 0.8486983235153658, 0.3272867473930421, 0.422265625, 0.35685135435204485, 0.807103587962963, 0.11908889761735221)
2020-02-08 20:49:47|[0, 0, 0, 0, 0, 0, 0, 0, 0, 0, 0, 0, 0, 0, 0, 0, 0, 0, 3, 2]|(0.9779869023075811, 0.026272466396893866, 0.9599731229383637, 0.05508289814429843, 0.5615120618030178, 0.33301309363823967, 0.8730790119673209, 0.33000630567374944, 0.4678385416666667, 0.34178749987142504, 0.8222800925925926, 0.11411938727414432)
2020-02-08 20:49:53|[0, 0, 0, 0, 0, 0, 0, 0, 0, 0, 0, 0, 0, 0, 0, 0, 0, 0, 3, 3]|(0.9780061999662422, 0.026320064878184328, 0.9598424902485054, 0.05517509257495556, 0.516706896471822, 0.34202321441201966, 0.8726083568370471, 0.32983524550705956, 0.42721354166666664, 0.3493869990746246, 0.8087673611111111, 0.1166182411336783)
2020-02-08 20:49:54|[0, 0, 0, 0, 0, 0, 0, 0, 0, 0, 0, 0, 0, 0, 0, 0, 0, 1, 0, 0]|(0.8589987446349344, 0.20160081789379936, 0.8156531255625779, 0.22607221219111603, 0.2218042460450202, 0.301082593213979, 0.7733613001437161, 0.2536500432936317, 0.17204861111111108, 0.2819610674321079, 0.7232638888888889, 0.09413878290414383)
2020-02-08 20:49:55|[0, 0, 0, 0, 0, 0, 0, 0, 0, 0, 0, 0, 0, 0, 0, 0, 0, 1, 0, 1]|(0.9227282451111594, 0.0585299488279263, 0.8559807521366465, 0.11580871790323832, 0.4766207509239557, 0.3411716350945079, 0.9017393388019197, 0.1343590025642072, 0.40078125, 0.3552918940047822, 0.7927806712962963, 0.11460367292675194)
2020-02-08 20:49:58|[0, 0, 0, 0, 0, 0, 0, 0, 0, 0, 0, 0, 0, 0, 0, 0, 0, 1, 0, 2]|(0.9447976420838156, 0.07910851760014062, 0.9047733131840484, 0.12412524929251306, 0.5290556359075774, 0.32335597408003186, 0.896124639648908, 0.2631417421488558, 0.432421875, 0.33581500500957145, 0.8102864583333333, 0.11196650680751488)
2020-02-08 20:50:02|[0, 0, 0, 0, 0, 0, 0, 0, 0, 0, 0, 0, 0, 0, 0, 0, 0, 1, 0, 3]|(0.9445140169873649, 0.07982783135548872, 0.9043712205139263, 0.12486275602592353, 0.4711094088467561, 0.3217435909050781, 0.996702782483232, 0.003996524950450434, 0.37743055555555555, 0.3339368541791839, 0.7921730324074074, 0.11129447124477844)
2020-02-08 20:50:04|[0, 0, 0, 0, 0, 0, 0, 0, 0, 0, 0, 0, 0, 0, 0, 0, 0, 1, 1, 0]|(0.9125391265492381, 0.10539707150966893, 0.8740327464558456, 0.14038323912488782, 0.5471739088295234, 0.30719449697343765, 0.8535244874788481, 0.32351307288401077, 0.4494357638888889, 0.32627957580938177, 0.8129484953703704, 0.10585834484386819)
2020-02-08 20:50:07|[0, 0, 0, 0, 0, 0, 0, 0, 0, 0, 0, 0, 0, 0, 0, 0, 0, 1, 1, 1]|(0.9349138914508585, 0.0706667564340806, 0.8885385808130553, 0.10401264177356885, 0.4994211582760107, 0.35414260831143723, 0.8921597128511387, 0.17493318592882678, 0.4190538194444444, 0.362275992305002, 0.8045283564814815, 0.11935584577076215)
2020-02-08 20:50:10|[0, 0, 0, 0, 0, 0, 0, 0, 0, 0, 0, 0, 0, 0, 0, 0, 0, 1, 1, 2]|(0.9645658290533372, 0.03949829734497626, 0.9378696860114101, 0.06872825875186185, 0.5324844492357936, 0.36030797380268104, 0.7733605831392683, 0.3883789106371244, 0.4490017361111111, 0.35722545706030995, 0.8157118055555556, 0.11923350728114422)
2020-02-08 20:50:14|[0, 0, 0, 0, 0, 0, 0, 0, 0, 0, 0, 0, 0, 0, 0, 0, 0, 1, 1, 3]|(0.9645067944938753, 0.03960883195315644, 0.9376717125433636, 0.06893050912802554, 0.49727574860764057, 0.3553463296890529, 0.7696880183647921, 0.39454819784262657, 0.41380208333333335, 0.35743524870834115, 0.8041232638888889, 0.11929589013708851)
2020-02-08 20:50:16|[0, 0, 0, 0, 0, 0, 0, 0, 0, 0, 0, 0, 0, 0, 0, 0, 0, 1, 2, 0]|(0.9748948010103202, 0.029459652768766335, 0.952137327107105, 0.062474604389110074, 0.5867697531433967, 0.3664245129856962, 0.9118074897245323, 0.1950708440355971, 0.5064670138888889, 0.3560749472408042, 0.8347800925925926, 0.11890054520837472)
2020-02-08 20:50:20|[0, 0, 0, 0, 0, 0, 0, 0, 0, 0, 0, 0, 0, 0, 0, 0, 0, 1, 2, 1]|(0.9794867395471644, 0.021126314720894546, 0.9557412809463361, 0.05167154349622922, 0.5700055695723356, 0.3584298502423923, 0.9160623027453134, 0.19952415192965392, 0.48541666666666666, 0.352050287458612, 0.8277922453703703, 0.11755235038486098)
2020-02-08 20:50:25|[0, 0, 0, 0, 0, 0, 0, 0, 0, 0, 0, 0, 0, 0, 0, 0, 0, 1, 2, 2]|(0.9796094654224536, 0.024840356509521065, 0.960469062970029, 0.05320864106965094, 0.6079504375438735, 0.33675200968454655, 0.8823664946077846, 0.30202394747470424, 0.5177951388888888, 0.3398232397670636, 0.8386574074074074, 0.11345720409158463)
2020-02-08 20:50:30|[0, 0, 0, 0, 0, 0, 0, 0, 0, 0, 0, 0, 0, 0, 0, 0, 0, 1, 2, 3]|(0.9796168273172261, 0.02490036146111041, 0.9603879373996472, 0.0533499272841791, 0.5685209819675539, 0.3385697469827594, 0.8824556107112178, 0.3020612200270953, 0.4767795138888889, 0.3430644924357119, 0.8251012731481482, 0.11456555343810906)
2020-02-08 20:50:34|[0, 0, 0, 0, 0, 0, 0, 0, 0, 0, 0, 0, 0, 0, 0, 0, 0, 1, 3, 0]|(0.9749613820770641, 0.029256515081571573, 0.9522918087859527, 0.06211595333136753, 0.3404953015055765, 0.3050421384292234, 0.7405858848270269, 0.40448652334928176, 0.2528211805555556, 0.26436790847586067, 0.7505353009259259, 0.08834008115924909)
2020-02-08 20:50:38|[0, 0, 0, 0, 0, 0, 0, 0, 0, 0, 0, 0, 0, 0, 0, 0, 0, 1, 3, 1]|(0.9795677656008873, 0.021041272683796765, 0.9558800382031535, 0.05154023011298104, 0.4515430657892021, 0.3489262882937776, 0.7656156009668573, 0.4023962138519481, 0.3707465277777777, 0.35743179135623315, 0.789916087962963, 0.11921567999505109)
2020-02-08 20:50:43|[0, 0, 0, 0, 0, 0, 0, 0, 0, 0, 0, 0, 0, 0, 0, 0, 0, 1, 3, 2]|(0.9796546389732832, 0.02476774350007135, 0.9605607975900537, 0.05307681277180426, 0.49229820028243365, 0.35068378349207274, 0.7584278211744485, 0.41436389258096096, 0.40707465277777777, 0.35407252704040615, 0.8019675925925925, 0.11819895294312827)
2020-02-08 20:50:49|[0, 0, 0, 0, 0, 0, 0, 0, 0, 0, 0, 0, 0, 0, 0, 0, 0, 1, 3, 3]|(0.979667840651524, 0.024831865005712384, 0.9604793321948024, 0.05322092024695153, 0.45059486578731867, 0.34765945195680975, 0.7621436371263473, 0.4089124858577791, 0.3686197916666667, 0.3531255094594749, 0.7892361111111111, 0.11780438911363139)
2020-02-08 20:50:51|[0, 0, 0, 0, 0, 0, 0, 0, 0, 0, 0, 0, 0, 0, 0, 0, 0, 2, 0, 0]|(0.9714353547272858, 0.037229247255335364, 0.9291003795169518, 0.09362570964183609, 0.21330863861435592, 0.279238124378862, 0.6784472422062351, 0.3764928331542944, 0.1525607638888889, 0.21210737670431729, 0.717259837962963, 0.07062740120731)
2020-02-08 20:50:54|[0, 0, 0, 0, 0, 0, 0, 0, 0, 0, 0, 0, 0, 0, 0, 0, 0, 2, 0, 1]|(0.9632826515480324, 0.037853658999505505, 0.9085540977198863, 0.09952540919351192, 0.291898585588098, 0.2987096401765851, 0.8336863027799535, 0.32334547344016346, 0.22118055555555552, 0.29057319206684684, 0.7391927083333334, 0.09738965991134238)
2020-02-08 20:50:57|[0, 0, 0, 0, 0, 0, 0, 0, 0, 0, 0, 0, 0, 0, 0, 0, 0, 2, 0, 2]|(0.9603861716941551, 0.05999390722989435, 0.9239342328392994, 0.1070351917620453, 0.4414867931859987, 0.32276996938606445, 0.872753478116548, 0.32987863841889614, 0.34700520833333337, 0.3130104308169724, 0.7821180555555556, 0.10427845724626858)
2020-02-08 20:51:02|[0, 0, 0, 0, 0, 0, 0, 0, 0, 0, 0, 0, 0, 0, 0, 0, 0, 2, 0, 3]|(0.9602728120780285, 0.06045573778386556, 0.9236692028447082, 0.1074956317829579, 0.344635891184372, 0.29924386856257956, 0.8647872233638657, 0.3275405783006906, 0.26046006944444444, 0.2957320141799216, 0.7532986111111112, 0.09858511016652019)
2020-02-08 20:51:04|[0, 0, 0, 0, 0, 0, 0, 0, 0, 0, 0, 0, 0, 0, 0, 0, 0, 2, 1, 0]|(0.9490974934895834, 0.07318156182772483, 0.9173339500075715, 0.10497556472256458, 0.2938428989043139, 0.3088844177119122, 0.7606757400186612, 0.34231512169437045, 0.223828125, 0.29072822207284976, 0.7408709490740741, 0.09707204694605781)
2020-02-08 20:51:08|[0, 0, 0, 0, 0, 0, 0, 0, 0, 0, 0, 0, 0, 0, 0, 0, 0, 2, 1, 1]|(0.9662214265046296, 0.03434377643594901, 0.9292835974051227, 0.07241632316353674, 0.45606178012791887, 0.351289740049658, 0.7973656367362947, 0.3591138464338279, 0.3760416666666666, 0.36060536499491697, 0.7916666666666666, 0.12022943750580076)
2020-02-08 20:51:12|[0, 0, 0, 0, 0, 0, 0, 0, 0, 0, 0, 0, 0, 0, 0, 0, 0, 2, 1, 2]|(0.969395005967882, 0.037638908885536795, 0.9438207434922505, 0.07432612844554934, 0.499935798898327, 0.34008114190764677, 0.8711388196373274, 0.32929912090037033, 0.410546875, 0.3479165773271051, 0.8031684027777777, 0.11604879342549045)
2020-02-08 20:51:18|[0, 0, 0, 0, 0, 0, 0, 0, 0, 0, 0, 0, 0, 0, 0, 0, 0, 2, 1, 3]|(0.9693836278091242, 0.03773858485673493, 0.9436850649019315, 0.07452346497955012, 0.4531562514764945, 0.3454864001710018, 0.8479983479398057, 0.32698264645255276, 0.3699652777777778, 0.35120141779374914, 0.7897280092592592, 0.11709462411853129)
2020-02-08 20:51:21|[0, 0, 0, 0, 0, 0, 0, 0, 0, 0, 0, 0, 0, 0, 0, 0, 0, 2, 2, 0]|(0.9733081130039545, 0.031509113114871375, 0.9451356821499544, 0.07219512971015773, 0.48258666642882875, 0.3670478826943782, 0.8597560918456216, 0.29439726647065173, 0.3940972222222222, 0.3164399106656968, 0.7975983796296297, 0.10564079982006655)
2020-02-08 20:51:26|[0, 0, 0, 0, 0, 0, 0, 0, 0, 0, 0, 0, 0, 0, 0, 0, 0, 2, 2, 1]|(0.9787029426480518, 0.025445675212573512, 0.9543474601005404, 0.0629107201961131, 0.5384471690076363, 0.329822313069148, 0.8714253037606794, 0.2994449296390163, 0.44366319444444446, 0.34009471718127343, 0.8138165509259259, 0.11387658102950594)
2020-02-08 20:51:31|[0, 0, 0, 0, 0, 0, 0, 0, 0, 0, 0, 0, 0, 0, 0, 0, 0, 2, 2, 2]|(0.9788480706862461, 0.026926184353328112, 0.9570488414071447, 0.06261087037708189, 0.5941952245414523, 0.32836475862428827, 0.883323620971436, 0.30237711027327563, 0.4990451388888889, 0.3332264707720652, 0.8325520833333333, 0.11126184482376103)
2020-02-08 20:51:38|[0, 0, 0, 0, 0, 0, 0, 0, 0, 0, 0, 0, 0, 0, 0, 0, 0, 2, 2, 3]|(0.9788529308931327, 0.026983256025866563, 0.9569745385449782, 0.06274775509328703, 0.5437949424310929, 0.32516750286909774, 0.8844647753790926, 0.29994513334170486, 0.4468315972222222, 0.33544768687343407, 0.815234375, 0.11196291000614159)
2020-02-08 20:51:43|[0, 0, 0, 0, 0, 0, 0, 0, 0, 0, 0, 0, 0, 0, 0, 0, 0, 2, 3, 0]|(0.9734076756606866, 0.03136938201342256, 0.9452875430336076, 0.07194799231668565, 0.23647723591664657, 0.2630235114013914, 0.7114059660811629, 0.4181053644901992, 0.16471354166666666, 0.20750449547245003, 0.7213686342592593, 0.06920354961757352)
2020-02-08 20:51:48|[0, 0, 0, 0, 0, 0, 0, 0, 0, 0, 0, 0, 0, 0, 0, 0, 0, 2, 3, 1]|(0.9787297604407794, 0.025369439868430422, 0.9544144653169864, 0.06280513122344958, 0.34715217912888185, 0.322141237084997, 0.7447245817864905, 0.43007080239163564, 0.2656684027777778, 0.2903523959149241, 0.7550202546296296, 0.09677291143768137)
2020-02-08 20:51:53|[0, 0, 0, 0, 0, 0, 0, 0, 0, 0, 0, 0, 0, 0, 0, 0, 0, 2, 3, 2]|(0.9788897554374035, 0.02686978494877267, 0.9571198637354746, 0.0625087849356394, 0.4330401142235831, 0.33940806569090426, 0.8710794390691423, 0.32930291138081, 0.34743923611111105, 0.3336616735709697, 0.7822482638888888, 0.11122984676127248)
2020-02-08 20:52:00|[0, 0, 0, 0, 0, 0, 0, 0, 0, 0, 0, 0, 0, 0, 0, 0, 0, 2, 3, 3]|(0.9788939299406829, 0.0269279092552054, 0.9570456343164683, 0.06264698980864891, 0.3705214654462855, 0.3341892937642753, 0.8110979924636346, 0.3472412703623897, 0.29084201388888886, 0.3157293087888945, 0.7634114583333333, 0.10525898854992935)
2020-02-08 20:52:03|[0, 0, 0, 0, 0, 0, 0, 0, 0, 0, 0, 0, 0, 0, 0, 0, 0, 3, 0, 0]|(0.9711593439549575, 0.038334778086255676, 0.9275337591086086, 0.09523551485854222, 0.16183340352921144, 0.22565769671584573, 0.6102810978308986, 0.422340623488577, 0.10768229166666667, 0.16033890212244206, 0.7023726851851851, 0.05345515274891473)
2020-02-08 20:52:06|[0, 0, 0, 0, 0, 0, 0, 0, 0, 0, 0, 0, 0, 0, 0, 0, 0, 3, 0, 1]|(0.9629603143385899, 0.038533586168748114, 0.90743698162516, 0.10084844516431314, 0.2360428972664242, 0.29667160958921707, 0.8311224958508456, 0.3244358387380081, 0.17855902777777777, 0.26906371599196843, 0.7255642361111111, 0.08993598190280493)
2020-02-08 20:52:11|[0, 0, 0, 0, 0, 0, 0, 0, 0, 0, 0, 0, 0, 0, 0, 0, 0, 3, 0, 2]|(0.960124971366223, 0.0609734356698766, 0.9232227345194597, 0.10797500936829554, 0.36316312451687704, 0.30264698907764603, 0.8667288121660699, 0.3280136119125416, 0.27534722222222224, 0.29632833237002604, 0.7582609953703703, 0.09877563506277934)
2020-02-08 20:52:16|[0, 0, 0, 0, 0, 0, 0, 0, 0, 0, 0, 0, 0, 0, 0, 0, 0, 3, 0, 3]|(0.9600001205632717, 0.06144568909568991, 0.9229642478397431, 0.10842712255563304, 0.29124983465928866, 0.29485576576519906, 0.8514628097919965, 0.326237646038556, 0.2205295138888889, 0.2950510713662731, 0.7400173611111112, 0.09837446796780562)
2020-02-08 20:52:19|[0, 0, 0, 0, 0, 0, 0, 0, 0, 0, 0, 0, 0, 0, 0, 0, 0, 3, 1, 0]|(0.9491093689718364, 0.0731703199233882, 0.916641897834361, 0.10501558258134093, 0.2329511880648749, 0.2909999488702984, 0.6851632227611653, 0.4195137423447293, 0.17443576388888887, 0.26218249334320315, 0.7244936342592592, 0.08750440020956163)
2020-02-08 20:52:24|[0, 0, 0, 0, 0, 0, 0, 0, 0, 0, 0, 0, 0, 0, 0, 0, 0, 3, 1, 1]|(0.9662304649823977, 0.03441269338699965, 0.9288969080955924, 0.07290609828536515, 0.41575031448372435, 0.3517975332212957, 0.8095803426989963, 0.34644558354809907, 0.34144965277777783, 0.3603324411152248, 0.7801938657407408, 0.1201156163553469)
2020-02-08 20:52:29|[0, 0, 0, 0, 0, 0, 0, 0, 0, 0, 0, 0, 0, 0, 0, 0, 0, 3, 1, 2]|(0.9693695671175733, 0.037861333267964856, 0.9435008421115967, 0.0747496439871313, 0.4655091978535973, 0.34556793003008374, 0.8623527916702978, 0.3270269350816914, 0.3810763888888889, 0.3518047005215078, 0.7934027777777778, 0.11730519638323031)
2020-02-08 20:52:35|[0, 0, 0, 0, 0, 0, 0, 0, 0, 0, 0, 0, 0, 0, 0, 0, 0, 3, 1, 3]|(0.9693594398027585, 0.03797552820288429, 0.9433527621688103, 0.07494907289572461, 0.41250763757890413, 0.34592108095902996, 0.7482081994351932, 0.4319969675097493, 0.3348524305555556, 0.3490610570154793, 0.7780815972222221, 0.11633627080107199)
2020-02-08 20:52:39|[0, 0, 0, 0, 0, 0, 0, 0, 0, 0, 0, 0, 0, 0, 0, 0, 0, 3, 2, 0]|(0.973325828269676, 0.031606963660095744, 0.9447483366435511, 0.07266037301103885, 0.42225638208029864, 0.33943865623690817, 0.7889059530198703, 0.31239871849378864, 0.32816840277777776, 0.28495128814318904, 0.775636574074074, 0.09515272185864708)
2020-02-08 20:52:44|[0, 0, 0, 0, 0, 0, 0, 0, 0, 0, 0, 0, 0, 0, 0, 0, 0, 3, 2, 1]|(0.9786912706163196, 0.025556526101513436, 0.9540413455299593, 0.06333411550760808, 0.4919441989608617, 0.3394150643216269, 0.8829836302084191, 0.291892888242657, 0.40208333333333335, 0.3437152321783315, 0.8002893518518519, 0.11470675288232715)
2020-02-08 20:52:50|[0, 0, 0, 0, 0, 0, 0, 0, 0, 0, 0, 0, 0, 0, 0, 0, 0, 3, 2, 2]|(0.9788472267433448, 0.02704840872314373, 0.9567752602721913, 0.0629315010100696, 0.5601580347446886, 0.32515892543617436, 0.8846118275303658, 0.29999906382098757, 0.46297743055555557, 0.3342565312327561, 0.8206163194444445, 0.11156252397756686)
2020-02-08 20:52:57|[0, 0, 0, 0, 0, 0, 0, 0, 0, 0, 0, 0, 0, 0, 0, 0, 0, 3, 2, 3]|(0.9788472267433449, 0.027109670916512042, 0.9566839318655389, 0.06306157898309095, 0.5080345468565923, 0.3286003512443793, 0.8728547955608328, 0.32991767990494564, 0.4134548611111111, 0.3373787786524392, 0.8041521990740741, 0.11256381252613426)
2020-02-08 20:53:02|[0, 0, 0, 0, 0, 0, 0, 0, 0, 0, 0, 0, 0, 0, 0, 0, 0, 3, 3, 0]|(0.9734131537543403, 0.03146161895177984, 0.944906023725629, 0.07241171416805009, 0.19473107571626497, 0.23773578775216744, 0.674179416473937, 0.41970780590733325, 0.13155381944444444, 0.18116237817091033, 0.7103153935185185, 0.0604211408534481)
2020-02-08 20:53:09|[0, 0, 0, 0, 0, 0, 0, 0, 0, 0, 0, 0, 0, 0, 0, 0, 0, 3, 3, 1]|(0.9787270100911458, 0.02548508487765627, 0.9541070566226846, 0.06323017660286274, 0.3039509108452944, 0.3004687789324006, 0.7480298405851409, 0.4318919414011506, 0.22586805555555556, 0.2682628192661392, 0.7417534722222222, 0.08941494257653435)
2020-02-08 20:53:16|[0, 0, 0, 0, 0, 0, 0, 0, 0, 0, 0, 0, 0, 0, 0, 0, 0, 3, 3, 2]|(0.978887924382716, 0.026992740702567398, 0.956851591384658, 0.06282723831942583, 0.3859088795334003, 0.33625514981467935, 0.85249333999334, 0.3266959748063814, 0.30442708333333335, 0.31962280601439835, 0.7679108796296297, 0.10655872534813943)
2020-02-08 20:53:23|[0, 0, 0, 0, 0, 0, 0, 0, 0, 0, 0, 0, 0, 0, 0, 0, 0, 3, 3, 3]|(0.9788873893831984, 0.027053693392972856, 0.956757530468788, 0.06295803940881291, 0.33086976633765686, 0.31879525477083603, 0.7484107997265892, 0.43210587131097955, 0.25390625, 0.29807004184128894, 0.7511284722222222, 0.0993575064229869)
2020-02-08 20:53:24|[0, 0, 0, 0, 0, 0, 0, 0, 0, 0, 0, 0, 0, 0, 0, 0, 1, 0, 0, 0]|(0.89551025390625, 0.11581464081439738, 0.8439237893647099, 0.1519789781148565, 0.48697875992047773, 0.2862933910302551, 0.8967933239015788, 0.1389621214065235, 0.39526909722222225, 0.3071409675155434, 0.7824074074074074, 0.10317284074974756)
2020-02-08 20:53:26|[0, 0, 0, 0, 0, 0, 0, 0, 0, 0, 0, 0, 0, 0, 0, 0, 1, 0, 0, 1]|(0.9081558227539063, 0.09000917279003409, 0.8525245481848124, 0.12394265619923982, 0.5234170742706211, 0.3389185011120679, 0.948955071107809, 0.03789280044409984, 0.4471788194444445, 0.3539194584845756, 0.8076822916666666, 0.1105494026816256)
2020-02-08 20:53:29|[0, 0, 0, 0, 0, 0, 0, 0, 0, 0, 0, 0, 0, 0, 0, 0, 1, 0, 0, 2]|(0.9504148205415703, 0.054764520449795136, 0.9134118529903903, 0.089263737327504, 0.5579669456320141, 0.3385181484153598, 0.9099428526380329, 0.20324641813805155, 0.47395833333333337, 0.3497469409370585, 0.821166087962963, 0.1124798661785929)
2020-02-08 20:53:33|[0, 0, 0, 0, 0, 0, 0, 0, 0, 0, 0, 0, 0, 0, 0, 0, 1, 0, 0, 3]|(0.9502545467423804, 0.05495380137050355, 0.9131422348001612, 0.08954319312501285, 0.5159951038072512, 0.34572214606663965, 0.9042144632638391, 0.23393907656433857, 0.4294270833333333, 0.3446313385174504, 0.808203125, 0.11294553584070788)
2020-02-08 20:53:35|[0, 0, 0, 0, 0, 0, 0, 0, 0, 0, 0, 0, 0, 0, 0, 0, 1, 0, 1, 0]|(0.9073912632318191, 0.12186298907235595, 0.8710728783927442, 0.1680320361228222, 0.5752175487179714, 0.31713050707301815, 0.9255070364376115, 0.10549795241440109, 0.4883680555555555, 0.3344665704774923, 0.8195746527777779, 0.11291002284918347)
2020-02-08 20:53:37|[0, 0, 0, 0, 0, 0, 0, 0, 0, 0, 0, 0, 0, 0, 0, 0, 1, 0, 1, 1]|(0.9255056913399402, 0.09373020655567742, 0.8822304986882765, 0.12922649202377337, 0.5774631272055045, 0.31835629479391664, 0.9595538908973869, 0.04446518932473318, 0.4912326388888889, 0.3434841647987519, 0.8241753472222222, 0.11013264310102777)
2020-02-08 20:53:41|[0, 0, 0, 0, 0, 0, 0, 0, 0, 0, 0, 0, 0, 0, 0, 0, 1, 0, 1, 2]|(0.9625643054349923, 0.0464246989149131, 0.9308996625489718, 0.08376795320881987, 0.5695299038417103, 0.35284316391391213, 0.954079454678336, 0.07930423010409135, 0.48858506944444446, 0.36079949652084364, 0.8276765046296297, 0.11889972046317507)
2020-02-08 20:53:45|[0, 0, 0, 0, 0, 0, 0, 0, 0, 0, 0, 0, 0, 0, 0, 0, 1, 0, 1, 3]|(0.9625231481481481, 0.04642226028107517, 0.9307938591681728, 0.08376345292008462, 0.5342994466077002, 0.3661368328711965, 0.9100972751364765, 0.1643709779962968, 0.4560763888888889, 0.36577961804037884, 0.8174479166666666, 0.1210978776012317)
2020-02-08 20:53:48|[0, 0, 0, 0, 0, 0, 0, 0, 0, 0, 0, 0, 0, 0, 0, 0, 1, 0, 2, 0]|(0.9729922636055652, 0.04383293304405107, 0.94556219735971, 0.08837472985375978, 0.6538653815192448, 0.2914076853399377, 0.9809203028493533, 0.03438104248226311, 0.5573350694444444, 0.32056667297583524, 0.85, 0.1077316903816275)
2020-02-08 20:53:51|[0, 0, 0, 0, 0, 0, 0, 0, 0, 0, 0, 0, 0, 0, 0, 0, 1, 0, 2, 1]|(0.9756374406225888, 0.0314468186876956, 0.9457351793569001, 0.06770110949821306, 0.5992257187785945, 0.3447553325051424, 0.9803817637672545, 0.018892830004091386, 0.517578125, 0.35560734424656354, 0.8368778935185186, 0.1169664973895607)
2020-02-08 20:53:55|[0, 0, 0, 0, 0, 0, 0, 0, 0, 0, 0, 0, 0, 0, 0, 0, 1, 0, 2, 2]|(0.9774989375361689, 0.03149980005646074, 0.9571440329917646, 0.06513523509891136, 0.6148273051766753, 0.34693827345340894, 0.9248261356823705, 0.18763525019827232, 0.5319444444444444, 0.3546291149531489, 0.8432436342592593, 0.11832512423928657)
2020-02-08 20:54:01|[0, 0, 0, 0, 0, 0, 0, 0, 0, 0, 0, 0, 0, 0, 0, 0, 1, 0, 2, 3]|(0.9774915379653741, 0.03152442389613782, 0.9570804010025755, 0.06517500221597687, 0.5827128723911166, 0.3581730750631964, 0.8985133822410679, 0.25864858836062765, 0.5009114583333334, 0.36038940039079725, 0.8331452546296296, 0.12035274278729323)
2020-02-08 20:54:04|[0, 0, 0, 0, 0, 0, 0, 0, 0, 0, 0, 0, 0, 0, 0, 0, 1, 0, 3, 0]|(0.9730558192877122, 0.043724645880021555, 0.9457872657742625, 0.08806730151973231, 0.4614240121226987, 0.3273919672402404, 0.9570618312941184, 0.08139122721482284, 0.3672309027777778, 0.3210697039137942, 0.7886574074074074, 0.10725901207096285)
2020-02-08 20:54:08|[0, 0, 0, 0, 0, 0, 0, 0, 0, 0, 0, 0, 0, 0, 0, 0, 1, 0, 3, 1]|(0.9757039237316745, 0.031353280309464514, 0.9459206523683026, 0.06748151845874717, 0.5088099913230295, 0.35737660626358175, 0.8600337783222434, 0.2380895235200322, 0.4237413194444445, 0.34996274988734777, 0.8075086805555556, 0.11667898697250366)
2020-02-08 20:54:14|[0, 0, 0, 0, 0, 0, 0, 0, 0, 0, 0, 0, 0, 0, 0, 0, 1, 0, 3, 2]|(0.9775351818696951, 0.0314182248711722, 0.9572416072092806, 0.06495438336123109, 0.5294389361802503, 0.3644617418825448, 0.8107507500319648, 0.3470596212689487, 0.4474392361111111, 0.3592098191869257, 0.8154513888888889, 0.11991936072981028)
2020-02-08 20:54:20|[0, 0, 0, 0, 0, 0, 0, 0, 0, 0, 0, 0, 0, 0, 0, 0, 1, 0, 3, 3]|(0.977525476526331, 0.03143999165129352, 0.9571779703367193, 0.06499071144677965, 0.5006814968771851, 0.3585065233661637, 0.8111409769632361, 0.3472655959525779, 0.4164496527777778, 0.3513716876511088, 0.8052228009259259, 0.11723262216436267)
2020-02-08 20:54:22|[0, 0, 0, 0, 0, 0, 0, 0, 0, 0, 0, 0, 0, 0, 0, 0, 1, 1, 0, 0]|(0.9116805804217303, 0.10885842014110807, 0.8734319972224744, 0.12926833765841056, 0.3832244342786443, 0.33766607293711226, 0.858529981280812, 0.32505864862564265, 0.3053819444444445, 0.3283149068315959, 0.767361111111111, 0.10939643137083369)
2020-02-08 20:54:25|[0, 0, 0, 0, 0, 0, 0, 0, 0, 0, 0, 0, 0, 0, 0, 0, 1, 1, 0, 1]|(0.9267878365222318, 0.07046861170088578, 0.8727065288668112, 0.10295073245882391, 0.42136073605802077, 0.30026026060740135, 0.8477674808658204, 0.32253670558814085, 0.32634548611111114, 0.29452077008302163, 0.7721498842592593, 0.0922932977036778)
2020-02-08 20:54:28|[0, 0, 0, 0, 0, 0, 0, 0, 0, 0, 0, 0, 0, 0, 0, 0, 1, 1, 0, 2]|(0.9531201397931133, 0.05519422467596652, 0.9196373975437704, 0.08514472156331043, 0.4863420258589152, 0.3360709703051541, 0.899860241283231, 0.21702381215310693, 0.39032118055555554, 0.31606242214048236, 0.7962962962962963, 0.1054079844828169)
2020-02-08 20:54:33|[0, 0, 0, 0, 0, 0, 0, 0, 0, 0, 0, 0, 0, 0, 0, 0, 1, 1, 0, 3]|(0.9529622772593558, 0.055400128206648934, 0.9193376795523699, 0.08541686426243184, 0.43985780892102355, 0.3189012985896222, 0.8460417624959833, 0.26710256503902935, 0.3419270833333333, 0.30100655943166954, 0.7803385416666666, 0.10044940180481983)
2020-02-08 20:54:35|[0, 0, 0, 0, 0, 0, 0, 0, 0, 0, 0, 0, 0, 0, 0, 0, 1, 1, 1, 0]|(0.917294812614535, 0.10773048733701347, 0.8849297364038078, 0.14532183190393919, 0.4817010883576992, 0.2862945054250051, 0.8518344915496341, 0.3249097117453989, 0.3730034722222222, 0.2915190469477321, 0.7887442129629629, 0.09729499367416855)
2020-02-08 20:54:39|[0, 0, 0, 0, 0, 0, 0, 0, 0, 0, 0, 0, 0, 0, 0, 0, 1, 1, 1, 1]|(0.9355439927842881, 0.08011014862887039, 0.8922487197451798, 0.11648845100239844, 0.5322301733776836, 0.3296112590680203, 0.92505070151587, 0.16109748501668145, 0.44171006944444446, 0.3446725151789548, 0.8118489583333333, 0.11314016963921589)
2020-02-08 20:54:44|[0, 0, 0, 0, 0, 0, 0, 0, 0, 0, 0, 0, 0, 0, 0, 0, 1, 1, 1, 2]|(0.9647873942057292, 0.045010455022574246, 0.9353257078361927, 0.07898738673259445, 0.5257806358338957, 0.3615424404799941, 0.8407779700703507, 0.32696931680397046, 0.44357638888888895, 0.35807934548100934, 0.8137876157407408, 0.1191504330443049)
2020-02-08 20:54:50|[0, 0, 0, 0, 0, 0, 0, 0, 0, 0, 0, 0, 0, 0, 0, 0, 1, 1, 1, 3]|(0.9647457998770255, 0.045012031295066035, 0.9351864192875625, 0.07896565859837812, 0.5011801354755162, 0.35755785272397833, 0.8181945282792715, 0.3390446206009212, 0.4169704861111111, 0.35163894219948927, 0.8051938657407407, 0.11729442477783392)
2020-02-08 20:54:54|[0, 0, 0, 0, 0, 0, 0, 0, 0, 0, 0, 0, 0, 0, 0, 0, 1, 1, 2, 0]|(0.9738429015359761, 0.04199230500595911, 0.9465520151499223, 0.08254098934335875, 0.555946961878792, 0.3157295745878187, 0.9593332092236844, 0.0800177498451034, 0.4532552083333333, 0.3148047215790567, 0.8169126157407407, 0.10518123195424911)
2020-02-08 20:54:59|[0, 0, 0, 0, 0, 0, 0, 0, 0, 0, 0, 0, 0, 0, 0, 0, 1, 1, 2, 1]|(0.9768524697386187, 0.030047175734598017, 0.9472840884265357, 0.06464371491877126, 0.5502480697674905, 0.36090946616887026, 0.920163002889866, 0.12929315354412516, 0.4675347222222222, 0.35745988137419343, 0.8216869212962963, 0.1191478401309835)
2020-02-08 20:55:04|[0, 0, 0, 0, 0, 0, 0, 0, 0, 0, 0, 0, 0, 0, 0, 0, 1, 1, 2, 2]|(0.9781619827835648, 0.030203556759530313, 0.9575391100222674, 0.062259423206914945, 0.5623715220259475, 0.3677620238739423, 0.8813547463259067, 0.2562616593599596, 0.4822916666666667, 0.3621577713515322, 0.8269097222222223, 0.1209537396096428)
2020-02-08 20:55:11|[0, 0, 0, 0, 0, 0, 0, 0, 0, 0, 0, 0, 0, 0, 0, 0, 1, 1, 2, 3]|(0.9781530611014659, 0.030228263394330813, 0.957403850323038, 0.06227020322273213, 0.5404540724322894, 0.3626524967046937, 0.8293702262476261, 0.3027451180015616, 0.45729166666666665, 0.35641900231095053, 0.8186197916666667, 0.11902229388660976)
2020-02-08 20:55:16|[0, 0, 0, 0, 0, 0, 0, 0, 0, 0, 0, 0, 0, 0, 0, 0, 1, 1, 3, 0]|(0.9738836820625965, 0.04189793474008676, 0.946701319536801, 0.08227804046325944, 0.3703981541853638, 0.3167592366423737, 0.7875543099085827, 0.3680742133618523, 0.2865451388888889, 0.3101989817252897, 0.7618055555555555, 0.10357223331329245)
2020-02-08 20:55:22|[0, 0, 0, 0, 0, 0, 0, 0, 0, 0, 0, 0, 0, 0, 0, 0, 1, 1, 3, 1]|(0.9769036036361882, 0.02997823792593974, 0.9474120603764402, 0.06443758929156534, 0.4605639788446867, 0.3274162533258785, 0.7787585898165444, 0.3826078578238737, 0.36388888888888893, 0.31091913021920253, 0.7876012731481481, 0.10376353379709076)
2020-02-08 20:55:29|[0, 0, 0, 0, 0, 0, 0, 0, 0, 0, 0, 0, 0, 0, 0, 0, 1, 1, 3, 2]|(0.9781842191719714, 0.03013752653810327, 0.957611398390023, 0.06207877677394292, 0.48909377719166947, 0.3435307610193514, 0.765611482401997, 0.4023930270984408, 0.39730902777777777, 0.3298139015010743, 0.7987557870370371, 0.11005874536031947)
2020-02-08 20:55:36|[0, 0, 0, 0, 0, 0, 0, 0, 0, 0, 0, 0, 0, 0, 0, 0, 1, 1, 3, 3]|(0.9781775580512152, 0.03016241150882269, 0.9574878469900626, 0.062094070064092885, 0.4543261696803933, 0.3286044920621586, 0.7477871303121266, 0.4317513510645928, 0.358984375, 0.3126759939169417, 0.786009837962963, 0.10434806796059705)
2020-02-08 20:55:38|[0, 0, 0, 0, 0, 0, 0, 0, 0, 0, 0, 0, 0, 0, 0, 0, 1, 2, 0, 0]|(0.9619610595703125, 0.05748080662894126, 0.9232560231362503, 0.09748676092139508, 0.2519502063844741, 0.32970794146734084, 0.7778902756551763, 0.33382154287659366, 0.20104166666666667, 0.30665880570955883, 0.7334056712962963, 0.10228682400914293)
2020-02-08 20:55:42|[0, 0, 0, 0, 0, 0, 0, 0, 0, 0, 0, 0, 0, 0, 0, 0, 1, 2, 0, 1]|(0.9610456151138118, 0.041388309750453454, 0.9170845848201703, 0.07909536258732208, 0.3586062413398694, 0.29961306324908876, 0.8295578709864779, 0.33147541966168204, 0.27109375, 0.2949270456020048, 0.7566984953703704, 0.09830631863906761)
2020-02-08 20:55:46|[0, 0, 0, 0, 0, 0, 0, 0, 0, 0, 0, 0, 0, 0, 0, 0, 1, 2, 0, 2]|(0.9642080274040317, 0.04652186395403991, 0.9322102051392345, 0.086443757398157, 0.42680061559057964, 0.2944942047516261, 0.871347128033419, 0.32937046379076, 0.32361111111111107, 0.28748673773423183, 0.7743200231481482, 0.09585743312886513)
2020-02-08 20:55:51|[0, 0, 0, 0, 0, 0, 0, 0, 0, 0, 0, 0, 0, 0, 0, 0, 1, 2, 0, 3]|(0.9641044936945409, 0.0466765350614791, 0.9320215292423786, 0.0866765359654381, 0.37299415581035894, 0.2944482617363249, 0.8523334901668354, 0.3266196447436888, 0.2805121527777778, 0.291166870756336, 0.760011574074074, 0.09709116773260268)
2020-02-08 20:55:55|[0, 0, 0, 0, 0, 0, 0, 0, 0, 0, 0, 0, 0, 0, 0, 0, 1, 2, 1, 0]|(0.9556006236135224, 0.07584465786697983, 0.9265520213472614, 0.10494793272390507, 0.3911481258796067, 0.29051213439042295, 0.8674158779977921, 0.3279418922536306, 0.29570312499999996, 0.2950495645823893, 0.764699074074074, 0.09839790816034989)
2020-02-08 20:56:00|[0, 0, 0, 0, 0, 0, 0, 0, 0, 0, 0, 0, 0, 0, 0, 0, 1, 2, 1, 1]|(0.9638448757595486, 0.04527617438964208, 0.925665052608597, 0.08029306301257065, 0.44378029803797564, 0.31080857646887444, 0.8414666914748006, 0.3271083021250384, 0.3431423611111111, 0.2963407793915342, 0.7804832175925926, 0.09861690031306575)
2020-02-08 20:56:06|[0, 0, 0, 0, 0, 0, 0, 0, 0, 0, 0, 0, 0, 0, 0, 0, 1, 2, 1, 2]|(0.9707254744164737, 0.042115289629332725, 0.9439120818457531, 0.07738315522988069, 0.4868073868639584, 0.34041422857344733, 0.7754867756371353, 0.3875977410712474, 0.3938802083333333, 0.327138892348544, 0.7975839120370369, 0.10917647506821211)
2020-02-08 20:56:12|[0, 0, 0, 0, 0, 0, 0, 0, 0, 0, 0, 0, 0, 0, 0, 0, 1, 2, 1, 3]|(0.9706966522593556, 0.042137603151061936, 0.9438206866133527, 0.07744507411913933, 0.447517657868389, 0.3193995135328902, 0.7655931450122037, 0.40238004264791877, 0.3491753472222222, 0.30341093257726, 0.7827256944444445, 0.1012569886247841)
2020-02-08 20:56:17|[0, 0, 0, 0, 0, 0, 0, 0, 0, 0, 0, 0, 0, 0, 0, 0, 1, 2, 2, 0]|(0.9733421344521604, 0.04145972823063348, 0.9469551932162532, 0.08276946788854371, 0.45800987646812097, 0.32164980624146233, 0.7920027633395073, 0.36385954049578606, 0.35972222222222217, 0.3074107682718025, 0.7861255787037037, 0.1026794788316698)
2020-02-08 20:56:23|[0, 0, 0, 0, 0, 0, 0, 0, 0, 0, 0, 0, 0, 0, 0, 0, 1, 2, 2, 1]|(0.978042911482446, 0.030333819780428112, 0.9504165940844637, 0.06836344211513778, 0.5015146512683404, 0.3349453795979196, 0.8475155855060021, 0.2631991960323232, 0.40403645833333335, 0.31665590799656806, 0.8009259259259259, 0.1057021285290218)
2020-02-08 20:56:29|[0, 0, 0, 0, 0, 0, 0, 0, 0, 0, 0, 0, 0, 0, 0, 0, 1, 2, 2, 2]|(0.9772504114221644, 0.031516708070470786, 0.9543938775420455, 0.06707904787634958, 0.5377699860699556, 0.3431269803780717, 0.8834730980334656, 0.2961733796385751, 0.4448350694444444, 0.3345244847609607, 0.814525462962963, 0.11169147895037358)
2020-02-08 20:56:36|[0, 0, 0, 0, 0, 0, 0, 0, 0, 0, 0, 0, 0, 0, 0, 0, 1, 2, 2, 3]|(0.9772462595244984, 0.03154907548416496, 0.954333641636316, 0.06715908602679041, 0.5000144030662357, 0.3374400172702949, 0.8418385043144048, 0.32834820991299096, 0.40403645833333335, 0.3208524946882607, 0.8009982638888888, 0.10708800529275)
2020-02-08 20:56:41|[0, 0, 0, 0, 0, 0, 0, 0, 0, 0, 0, 0, 0, 0, 0, 0, 1, 2, 3, 0]|(0.9733652449242862, 0.04138008953118449, 0.9470438609832394, 0.0825492817801502, 0.28686061284955366, 0.3191877327014733, 0.7344447900466563, 0.4247679129720457, 0.2204861111111111, 0.28922016679408996, 0.7399016203703703, 0.0965082211279118)
2020-02-08 20:56:46|[0, 0, 0, 0, 0, 0, 0, 0, 0, 0, 0, 0, 0, 0, 0, 0, 1, 2, 3, 1]|(0.9780664740668403, 0.03026870077910677, 0.9504964776551783, 0.06820707836595517, 0.38740812489986015, 0.29466282811829986, 0.7478551932924482, 0.4317848397144189, 0.2913628472222222, 0.28784143359994263, 0.7635271990740741, 0.09603715572471622)
2020-02-08 20:56:53|[0, 0, 0, 0, 0, 0, 0, 0, 0, 0, 0, 0, 0, 0, 0, 0, 1, 2, 3, 2]|(0.977271427107446, 0.031458150218896204, 0.9544644703921099, 0.06692035671059055, 0.43597877384441486, 0.31375057727111394, 0.74831427364104, 0.43204914528267124, 0.33719618055555556, 0.2991749379399815, 0.7787905092592593, 0.09983765620122517)
2020-02-08 20:57:01|[0, 0, 0, 0, 0, 0, 0, 0, 0, 0, 0, 0, 0, 0, 0, 0, 1, 2, 3, 3]|(0.9772649468315973, 0.03149027399649319, 0.9544024701723487, 0.06700041823461027, 0.39403291171153915, 0.30311251218265756, 0.7483046039973003, 0.4320458401151347, 0.2994357638888889, 0.294494902887719, 0.7662326388888889, 0.09825561951937438)
2020-02-08 20:57:04|[0, 0, 0, 0, 0, 0, 0, 0, 0, 0, 0, 0, 0, 0, 0, 0, 1, 3, 0, 0]|(0.9616497275270062, 0.0575232320168834, 0.9221318156449734, 0.09781809943232407, 0.21282032844376025, 0.3044296299820887, 0.6757267441860465, 0.4081212652210412, 0.16488715277777777, 0.2724128972275038, 0.7213831018518518, 0.09086996667292854)
2020-02-08 20:57:08|[0, 0, 0, 0, 0, 0, 0, 0, 0, 0, 0, 0, 0, 0, 0, 0, 1, 3, 0, 1]|(0.960809627580054, 0.0414622729983333, 0.916352858512837, 0.07970743025496767, 0.321886731571423, 0.30045458490809346, 0.8709310432357904, 0.3292500547943494, 0.24401041666666665, 0.29798807287784157, 0.747800925925926, 0.09937097541371169)
2020-02-08 20:57:13|[0, 0, 0, 0, 0, 0, 0, 0, 0, 0, 0, 0, 0, 0, 0, 0, 1, 3, 0, 2]|(0.9639604281201775, 0.046859205954922205, 0.9316801728972817, 0.08701746930821644, 0.3860221939339671, 0.2945562022019333, 0.8653298023498037, 0.3276649771983525, 0.290625, 0.29001984237273737, 0.7633680555555555, 0.09670642773958858)
2020-02-08 20:57:20|[0, 0, 0, 0, 0, 0, 0, 0, 0, 0, 0, 0, 0, 0, 0, 0, 1, 3, 0, 3]|(0.9638507381486304, 0.0470193386612299, 0.9314725519640334, 0.08725866191772155, 0.3316457240734171, 0.2943045509414566, 0.7476091921124202, 0.4316462615766248, 0.24973958333333335, 0.2953702499015595, 0.749754050925926, 0.09849685685754035)
2020-02-08 20:57:24|[0, 0, 0, 0, 0, 0, 0, 0, 0, 0, 0, 0, 0, 0, 0, 0, 1, 3, 1, 0]|(0.9555182864342207, 0.07583031426606393, 0.9262276960690827, 0.10498378476992425, 0.3340339549686638, 0.30507519600720706, 0.8654154399503198, 0.3272253516172036, 0.25516493055555556, 0.3031756292386169, 0.7513310185185185, 0.10117851067588848)
2020-02-08 20:57:29|[0, 0, 0, 0, 0, 0, 0, 0, 0, 0, 0, 0, 0, 0, 0, 0, 1, 3, 1, 1]|(0.963772590543017, 0.04527394637512838, 0.9253451438978271, 0.08048134454313989, 0.40879342190264156, 0.29882855732133445, 0.8468004451564257, 0.32644764036602913, 0.30985243055555556, 0.28982527495838245, 0.769603587962963, 0.09664809151238547)
2020-02-08 20:57:35|[0, 0, 0, 0, 0, 0, 0, 0, 0, 0, 0, 0, 0, 0, 0, 0, 1, 3, 1, 2]|(0.9706567119080343, 0.04217377661246611, 0.9436671222520202, 0.07758484951957068, 0.45821887029913283, 0.3246542280728759, 0.7634369998191429, 0.40590582671558384, 0.36063368055555556, 0.30825868606043877, 0.7865306712962963, 0.10288671474134528)
2020-02-08 20:57:42|[0, 0, 0, 0, 0, 0, 0, 0, 0, 0, 0, 0, 0, 0, 0, 0, 1, 3, 1, 3]|(0.9706258590133102, 0.042195883542636814, 0.9435681381072316, 0.07766424261558592, 0.4169327724529018, 0.3070407509757762, 0.7476360780698295, 0.4316646620520957, 0.31901041666666663, 0.2948798265595432, 0.772728587962963, 0.0983710497603304)
2020-02-08 20:57:48|[0, 0, 0, 0, 0, 0, 0, 0, 0, 0, 0, 0, 0, 0, 0, 0, 1, 3, 2, 0]|(0.9733278552396798, 0.04152378333466966, 0.946697861829382, 0.0829540223776994, 0.41302581756005613, 0.31691472721465996, 0.7621618957535776, 0.4051796699922618, 0.32005208333333335, 0.3059222739207541, 0.7729600694444444, 0.10216267639517267)
2020-02-08 20:57:54|[0, 0, 0, 0, 0, 0, 0, 0, 0, 0, 0, 0, 0, 0, 0, 0, 1, 3, 2, 1]|(0.978028263044946, 0.030396646943610797, 0.9501999908170569, 0.06865413795098467, 0.47876671851820257, 0.32660881532090247, 0.8259009154525584, 0.3109050130956449, 0.3794704861111111, 0.30850799165375165, 0.7927806712962964, 0.10297560340057627)
2020-02-08 20:58:01|[0, 0, 0, 0, 0, 0, 0, 0, 0, 0, 0, 0, 0, 0, 0, 0, 1, 3, 2, 2]|(0.9772335551697531, 0.03159354792626244, 0.9542116412745419, 0.06732329351172583, 0.5093555972891209, 0.340115259394499, 0.8746375318236053, 0.285563985609369, 0.4142795138888889, 0.324476168052661, 0.8043836805555555, 0.10830019558463287)
2020-02-08 20:58:09|[0, 0, 0, 0, 0, 0, 0, 0, 0, 0, 0, 0, 0, 0, 0, 0, 1, 3, 2, 3]|(0.9772272482036073, 0.031626920163870274, 0.9541413910150556, 0.06742367036206727, 0.4722531995756315, 0.32728385815834443, 0.7479314656218885, 0.43182943116449796, 0.3740451388888889, 0.31003968562480255, 0.7910011574074074, 0.10348560064389221)
2020-02-08 20:58:14|[0, 0, 0, 0, 0, 0, 0, 0, 0, 0, 0, 0, 0, 0, 0, 0, 1, 3, 3, 0]|(0.973350988317419, 0.04144476427545858, 0.9467894883872703, 0.08274200094595321, 0.2544109375815531, 0.3104116664320125, 0.7138208370377688, 0.4169386641246656, 0.1942708333333333, 0.2769173414138133, 0.7311921296296295, 0.09238300933200493)
2020-02-08 20:58:21|[0, 0, 0, 0, 0, 0, 0, 0, 0, 0, 0, 0, 0, 0, 0, 0, 1, 3, 3, 1]|(0.9780509892216436, 0.030329280866308383, 0.950279937721165, 0.0684979226019349, 0.3477992650355289, 0.29053754458839737, 0.7476198379234085, 0.431652173904625, 0.2601996527777778, 0.28949979110167223, 0.753197337962963, 0.09655081107134797)
2020-02-08 20:58:29|[0, 0, 0, 0, 0, 0, 0, 0, 0, 0, 0, 0, 0, 0, 0, 0, 1, 3, 3, 2]|(0.9772533426167053, 0.03153689181308012, 0.9542797820876148, 0.06717046170436788, 0.40553804583739217, 0.30542806785446047, 0.7483649606812655, 0.4320800688839221, 0.30933159722222225, 0.29511205134822893, 0.76953125, 0.09846157994037501)
2020-02-08 20:58:38|[0, 0, 0, 0, 0, 0, 0, 0, 0, 0, 0, 0, 0, 0, 0, 0, 1, 3, 3, 3]|(0.9772470883969908, 0.03156907180202607, 0.9542061240956541, 0.06727492113935299, 0.3628914043827973, 0.2982985699995563, 0.7482754115495166, 0.4320278615561825, 0.2738715277777778, 0.29400183081319153, 0.7577546296296296, 0.09806352402003013)
2020-02-08 20:58:40|[0, 0, 0, 0, 0, 0, 0, 0, 0, 0, 0, 0, 0, 0, 0, 0, 2, 0, 0, 0]|(0.9570084183304398, 0.05839043263095359, 0.9264424234122897, 0.10313690988359694, 0.6391245508217229, 0.27854295575341426, 0.9882810952250991, 0.01487011037989274, 0.5302083333333334, 0.2862433431452766, 0.8415364583333333, 0.0952079709832925)
2020-02-08 20:58:42|[0, 0, 0, 0, 0, 0, 0, 0, 0, 0, 0, 0, 0, 0, 0, 0, 2, 0, 0, 1]|(0.9602533787856867, 0.04425603123440841, 0.926542090151748, 0.07799844836035937, 0.5931946182739805, 0.3359131773160872, 0.9383029864329259, 0.1122173829316862, 0.5095920138888889, 0.34546975016658826, 0.8324074074074075, 0.11208425600458571)
2020-02-08 20:58:46|[0, 0, 0, 0, 0, 0, 0, 0, 0, 0, 0, 0, 0, 0, 0, 0, 2, 0, 0, 2]|(0.9573090353129822, 0.05794666128246151, 0.9313859337056891, 0.09394910771493353, 0.6441781128294526, 0.3279021242615188, 0.8823649276041946, 0.30201518946773487, 0.5542100694444445, 0.32967942901868974, 0.8506799768518518, 0.1100254614395298)
2020-02-08 20:58:50|[0, 0, 0, 0, 0, 0, 0, 0, 0, 0, 0, 0, 0, 0, 0, 0, 2, 0, 0, 3]|(0.9571886302806714, 0.05816456044719292, 0.9311921485852472, 0.09420690048154343, 0.5958523449941914, 0.3309415371188177, 0.8915858521189982, 0.2829994630197776, 0.501953125, 0.33459896704411074, 0.8336805555555555, 0.11158357365526235)
2020-02-08 20:58:52|[0, 0, 0, 0, 0, 0, 0, 0, 0, 0, 0, 0, 0, 0, 0, 0, 2, 0, 1, 0]|(0.9626159441912616, 0.05938615400447912, 0.9322740425520926, 0.10003187078775538, 0.6420851708917679, 0.32439451846333794, 0.9699008363502473, 0.044918348980960414, 0.5555121527777778, 0.33831765369426287, 0.8490885416666667, 0.11390836021440907)
2020-02-08 20:58:56|[0, 0, 0, 0, 0, 0, 0, 0, 0, 0, 0, 0, 0, 0, 0, 0, 2, 0, 1, 1]|(0.9676128020109953, 0.041712021158113094, 0.9376299629779288, 0.07660214889491185, 0.5981563129768634, 0.3459294879170443, 0.9512768555141358, 0.07848789047973465, 0.5159288194444445, 0.35348592655418426, 0.8362847222222223, 0.11687671695737886)
2020-02-08 20:59:01|[0, 0, 0, 0, 0, 0, 0, 0, 0, 0, 0, 0, 0, 0, 0, 0, 2, 0, 1, 2]|(0.9685032446590471, 0.04226002015627951, 0.9452238478409934, 0.07555227358227076, 0.607480653276532, 0.357662208034315, 0.9271433167321319, 0.18040094379661778, 0.5274305555555556, 0.35758924615009235, 0.8417390046296297, 0.119259151110305)
2020-02-08 20:59:06|[0, 0, 0, 0, 0, 0, 0, 0, 0, 0, 0, 0, 0, 0, 0, 0, 2, 0, 1, 3]|(0.9684495563271605, 0.04231674499203356, 0.9450980399726523, 0.0756465426533517, 0.5757919902659292, 0.36452880997435405, 0.8898798626577684, 0.27825348538031336, 0.49496527777777777, 0.3592626803811669, 0.8311487268518518, 0.11993735043331855)
2020-02-08 20:59:09|[0, 0, 0, 0, 0, 0, 0, 0, 0, 0, 0, 0, 0, 0, 0, 0, 2, 0, 2, 0]|(0.9746923451364776, 0.03965252980735171, 0.9517308380867839, 0.08103160340701333, 0.722546987954929, 0.33420902472351743, 0.9895616103567404, 0.014510235281300996, 0.6580729166666667, 0.3462233788674061, 0.884693287037037, 0.11532670083277394)
2020-02-08 20:59:13|[0, 0, 0, 0, 0, 0, 0, 0, 0, 0, 0, 0, 0, 0, 0, 0, 2, 0, 2, 1]|(0.9787425853587963, 0.029287301909540868, 0.9574939344072415, 0.062331111308935185, 0.6428118865733564, 0.3515541312937136, 0.946161045993882, 0.1309136790917865, 0.5649739583333333, 0.3541222159222418, 0.8541811342592592, 0.11816709392438729)
2020-02-08 20:59:19|[0, 0, 0, 0, 0, 0, 0, 0, 0, 0, 0, 0, 0, 0, 0, 0, 2, 0, 2, 2]|(0.9769448287398728, 0.031328371124044796, 0.9579477186824122, 0.0628735377941369, 0.6855884463426911, 0.3454763880988773, 0.8834169741542859, 0.30241179553939745, 0.6114149305555556, 0.3437425222557528, 0.869921875, 0.11478168096045939)
2020-02-08 20:59:24|[0, 0, 0, 0, 0, 0, 0, 0, 0, 0, 0, 0, 0, 0, 0, 0, 2, 0, 2, 3]|(0.976927663544078, 0.031370351654269026, 0.9578708758267047, 0.06295739136008317, 0.6424651774470872, 0.3470142932539297, 0.8832667271713658, 0.30235792538918393, 0.5608940972222222, 0.3469362076140536, 0.8531539351851851, 0.11588461471493913)
2020-02-08 20:59:29|[0, 0, 0, 0, 0, 0, 0, 0, 0, 0, 0, 0, 0, 0, 0, 0, 2, 0, 3, 0]|(0.9747158172984182, 0.039560257529562506, 0.9518353803835012, 0.0808453621646002, 0.5480276727780748, 0.35742926746512205, 0.7674614531389958, 0.4005421573687792, 0.45967881944444444, 0.33955068814892764, 0.8194878472222222, 0.11341505902539589)
2020-02-08 20:59:34|[0, 0, 0, 0, 0, 0, 0, 0, 0, 0, 0, 0, 0, 0, 0, 0, 2, 0, 3, 1]|(0.9787709252628279, 0.02921289660415654, 0.9575815876739793, 0.06217624777724878, 0.5523134286418255, 0.3629768079575991, 0.8106460013494514, 0.3470017884032243, 0.46875, 0.3547287971553057, 0.8224971064814814, 0.11845513432628857)
2020-02-08 20:59:41|[0, 0, 0, 0, 0, 0, 0, 0, 0, 0, 0, 0, 0, 0, 0, 0, 2, 0, 3, 2]|(0.9769660704812886, 0.0312620034106919, 0.958014745544711, 0.06272272518406169, 0.5810629099521176, 0.35150915348071243, 0.8831963952297026, 0.3023328995472075, 0.4947048611111111, 0.3500397298018017, 0.8312065972222222, 0.11689274684848104)
2020-02-08 20:59:48|[0, 0, 0, 0, 0, 0, 0, 0, 0, 0, 0, 0, 0, 0, 0, 0, 2, 0, 3, 3]|(0.9769499978901428, 0.03130365714748352, 0.9579387321146935, 0.06280274578299573, 0.5500089595494159, 0.35604275967435023, 0.8709851616286114, 0.32926803968901325, 0.46367187499999996, 0.35009781212465535, 0.8208767361111111, 0.11687992526046458)
2020-02-08 20:59:51|[0, 0, 0, 0, 0, 0, 0, 0, 0, 0, 0, 0, 0, 0, 0, 0, 2, 1, 0, 0]|(0.9590409869912229, 0.0597920955349326, 0.9280660987157419, 0.09886558987577132, 0.4624892175203956, 0.3248680163886436, 0.9489694684045908, 0.1072678809502911, 0.36640625, 0.3156613698142937, 0.7881944444444444, 0.1053340260357263)
2020-02-08 20:59:54|[0, 0, 0, 0, 0, 0, 0, 0, 0, 0, 0, 0, 0, 0, 0, 0, 2, 1, 0, 1]|(0.9628500102478781, 0.04412435319504165, 0.9311806584243926, 0.0747974078246744, 0.52513801307298, 0.3429016123584553, 0.9214757706260598, 0.16237715372628642, 0.43059895833333334, 0.3252266465794692, 0.8095920138888889, 0.10843492111979654)
2020-02-08 20:59:59|[0, 0, 0, 0, 0, 0, 0, 0, 0, 0, 0, 0, 0, 0, 0, 0, 2, 1, 0, 2]|(0.9592340916763117, 0.05846480369550627, 0.9336034760874576, 0.09262347027549558, 0.5667197077736819, 0.3361332245976425, 0.8900968552916696, 0.2824481006964318, 0.47239583333333335, 0.3332469687017719, 0.8237123842592593, 0.11116442402108366)
2020-02-08 21:00:04|[0, 0, 0, 0, 0, 0, 0, 0, 0, 0, 0, 0, 0, 0, 0, 0, 2, 1, 0, 3]|(0.9591157738956404, 0.05869673886331807, 0.933385972917488, 0.09287236730716386, 0.5265219968535794, 0.33512115795160896, 0.8893112551603668, 0.2821652169039316, 0.4297309027777778, 0.32379882199993343, 0.809519675925926, 0.1080333298016218)
2020-02-08 21:00:08|[0, 0, 0, 0, 0, 0, 0, 0, 0, 0, 0, 0, 0, 0, 0, 0, 2, 1, 1, 0]|(0.9639607747395833, 0.05822894113834089, 0.9347951013449238, 0.09409927680544276, 0.5659662497264235, 0.3185751096509067, 0.8632928240189959, 0.326680262323883, 0.4652777777777778, 0.3182674762507838, 0.8205873842592593, 0.1063248715824783)
2020-02-08 21:00:13|[0, 0, 0, 0, 0, 0, 0, 0, 0, 0, 0, 0, 0, 0, 0, 0, 2, 1, 1, 1]|(0.9693563805097415, 0.040565528918479095, 0.9407754876838136, 0.07256505500609059, 0.5503251044855884, 0.3588785613185832, 0.8538447348165048, 0.32560115995402455, 0.46649305555555554, 0.3554469472522683, 0.8214554398148148, 0.11845302803336778)
2020-02-08 21:00:18|[0, 0, 0, 0, 0, 0, 0, 0, 0, 0, 0, 0, 0, 0, 0, 0, 2, 1, 1, 2]|(0.9695924358603396, 0.04155122910697988, 0.9466090091656436, 0.07324725066457573, 0.5607182881775852, 0.3660782116511072, 0.8574410951795606, 0.2660151665296004, 0.4789496527777778, 0.35714354085436306, 0.82578125, 0.11927200912654758)
2020-02-08 21:00:25|[0, 0, 0, 0, 0, 0, 0, 0, 0, 0, 0, 0, 0, 0, 0, 0, 2, 1, 1, 3]|(0.9695422513985339, 0.04161337712853411, 0.9464537879838179, 0.07333311445998086, 0.540722839860517, 0.36108423039703447, 0.832844033252203, 0.29497474313864525, 0.4563368055555556, 0.35309554078952016, 0.8183304398148148, 0.11787109058692051)
2020-02-08 21:00:29|[0, 0, 0, 0, 0, 0, 0, 0, 0, 0, 0, 0, 0, 0, 0, 0, 2, 1, 2, 0]|(0.9751996753833913, 0.03824241886418221, 0.9512925971799095, 0.07745559257379446, 0.5957118036341298, 0.3677939401140079, 0.9190206082932659, 0.14437800935700226, 0.5153211805555555, 0.3508554033425499, 0.8377459490740742, 0.11712191576847941)
2020-02-08 21:00:34|[0, 0, 0, 0, 0, 0, 0, 0, 0, 0, 0, 0, 0, 0, 0, 0, 2, 1, 2, 1]|(0.9792202193648727, 0.028194038415442463, 0.9572846310993026, 0.06003122344209129, 0.5845085090092619, 0.3688007806282073, 0.9030339849157061, 0.19964618350294064, 0.505078125, 0.3588549619634188, 0.8344328703703704, 0.11980796431450569)
2020-02-08 21:00:40|[0, 0, 0, 0, 0, 0, 0, 0, 0, 0, 0, 0, 0, 0, 0, 0, 2, 1, 2, 2]|(0.9774460780767746, 0.03045190181078734, 0.957852487506756, 0.06084727603187537, 0.6132882468930685, 0.3524818540740015, 0.8824949738249805, 0.30207212757854923, 0.5302517361111111, 0.35052373275158083, 0.8428674768518518, 0.11703427822547414)
2020-02-08 21:00:47|[0, 0, 0, 0, 0, 0, 0, 0, 0, 0, 0, 0, 0, 0, 0, 0, 2, 1, 2, 3]|(0.9774309021749614, 0.03049800670551347, 0.957783806986457, 0.06093708741544205, 0.5814716338222873, 0.35842496883772995, 0.8816325846317709, 0.3017647079647386, 0.49765625, 0.3528814315370943, 0.8320601851851852, 0.11783933653785751)
2020-02-08 21:00:52|[0, 0, 0, 0, 0, 0, 0, 0, 0, 0, 0, 0, 0, 0, 0, 0, 2, 1, 3, 0]|(0.9752171193817516, 0.038160971948661956, 0.9513795669721282, 0.0772608742920663, 0.4801804779573551, 0.3293684671125037, 0.7597805154776562, 0.4105714782811843, 0.3818576388888889, 0.3109473266601266, 0.7935329861111111, 0.1038803362409421)
2020-02-08 21:00:58|[0, 0, 0, 0, 0, 0, 0, 0, 0, 0, 0, 0, 0, 0, 0, 0, 2, 1, 3, 1]|(0.9792406020929784, 0.028137855362980496, 0.9573503268861767, 0.05988186910752591, 0.5127460189832898, 0.3461894456651991, 0.7658958489428039, 0.40254981459611705, 0.4209201388888889, 0.3338751902831834, 0.8066261574074074, 0.11140047423641118)
2020-02-08 21:01:05|[0, 0, 0, 0, 0, 0, 0, 0, 0, 0, 0, 0, 0, 0, 0, 0, 2, 1, 3, 2]|(0.977462821301119, 0.0304032610573712, 0.9579124347434549, 0.06071219054035479, 0.5342171197150304, 0.35518541455022584, 0.820856716327955, 0.32281478887164605, 0.44644097222222223, 0.34496378150363305, 0.8150462962962963, 0.11520387640304797)
2020-02-08 21:01:14|[0, 0, 0, 0, 0, 0, 0, 0, 0, 0, 0, 0, 0, 0, 0, 0, 2, 1, 3, 3]|(0.9774470350477431, 0.030448049600631452, 0.95784483431755, 0.060796157682472055, 0.5092818575505157, 0.34728721961676884, 0.826008343613404, 0.3109642020313325, 0.418359375, 0.33590714752612616, 0.8057581018518518, 0.1121078692325739)
2020-02-08 21:01:17|[0, 0, 0, 0, 0, 0, 0, 0, 0, 0, 0, 0, 0, 0, 0, 0, 2, 2, 0, 0]|(0.9660993863329475, 0.05238690733936189, 0.9338439235899947, 0.09843301193706695, 0.38638696053297367, 0.3473542197305783, 0.8802849409312146, 0.22162285326829734, 0.30911458333333336, 0.3282865724150014, 0.7693865740740742, 0.10945392324470334)
2020-02-08 21:01:22|[0, 0, 0, 0, 0, 0, 0, 0, 0, 0, 0, 0, 0, 0, 0, 0, 2, 2, 0, 1]|(0.9704318124276621, 0.039335586677706556, 0.9397681920991029, 0.07913630859535893, 0.455304478035864, 0.2942983051553432, 0.8715870192549569, 0.3294542380013571, 0.3471788194444444, 0.283597958058728, 0.7821469907407408, 0.09456131407566548)
2020-02-08 21:01:28|[0, 0, 0, 0, 0, 0, 0, 0, 0, 0, 0, 0, 0, 0, 0, 0, 2, 2, 0, 2]|(0.9646487690489969, 0.05240022409723455, 0.9376569710930768, 0.09144452053526639, 0.5388161224147203, 0.3011242396693793, 0.8886119719236902, 0.28862595883181347, 0.4269965277777778, 0.28876265677845053, 0.8086371527777778, 0.0963601957277777)
2020-02-08 21:01:35|[0, 0, 0, 0, 0, 0, 0, 0, 0, 0, 0, 0, 0, 0, 0, 0, 2, 2, 0, 3]|(0.9645698905285494, 0.05257648083054051, 0.9375124377072348, 0.09167278949857946, 0.4788629694501326, 0.2903958786970015, 0.8727902526444803, 0.32989136584995543, 0.36727430555555557, 0.2824669183820073, 0.788816550925926, 0.09422398075015093)
2020-02-08 21:01:39|[0, 0, 0, 0, 0, 0, 0, 0, 0, 0, 0, 0, 0, 0, 0, 0, 2, 2, 1, 0]|(0.9685121814115548, 0.05328816684614095, 0.9411870324857355, 0.09140110975182458, 0.4654340767583752, 0.3157748179795434, 0.7969361859024087, 0.35887957381688596, 0.3631944444444445, 0.29865027197995936, 0.7873119212962962, 0.09972779177919498)
2020-02-08 21:01:45|[0, 0, 0, 0, 0, 0, 0, 0, 0, 0, 0, 0, 0, 0, 0, 0, 2, 2, 1, 1]|(0.9731998848620756, 0.03906418885388902, 0.9455120245221598, 0.07486456828666792, 0.5116378468966609, 0.34608311364502886, 0.7753755827481826, 0.3875344372482133, 0.4204427083333333, 0.3365636408154305, 0.806394675925926, 0.1123146226389821)
2020-02-08 21:01:51|[0, 0, 0, 0, 0, 0, 0, 0, 0, 0, 0, 0, 0, 0, 0, 0, 2, 2, 1, 2]|(0.9710398506823881, 0.04134024762986342, 0.9466243067351479, 0.07751002730529136, 0.5380230488026463, 0.348709260557476, 0.8843824113710407, 0.2872262422115524, 0.44743923611111114, 0.33982670719203756, 0.8154369212962963, 0.1134060377012464)
2020-02-08 21:01:58|[0, 0, 0, 0, 0, 0, 0, 0, 0, 0, 0, 0, 0, 0, 0, 0, 2, 2, 1, 3]|(0.9710076376832562, 0.04139754801942983, 0.9465324993820833, 0.07762038639585707, 0.509800620117954, 0.34490401380779134, 0.8103782827356367, 0.3468589911363437, 0.41775173611111116, 0.33370180180347486, 0.805541087962963, 0.11136396764962775)
2020-02-08 21:02:04|[0, 0, 0, 0, 0, 0, 0, 0, 0, 0, 0, 0, 0, 0, 0, 0, 2, 2, 2, 0]|(0.9739012692298418, 0.0385372987945989, 0.948241169107369, 0.07978052505734398, 0.5699849373516261, 0.3554923181125993, 0.820688225224295, 0.32271918735236205, 0.47890625, 0.32685208110983394, 0.82578125, 0.10916486878658649)
2020-02-08 21:02:10|[0, 0, 0, 0, 0, 0, 0, 0, 0, 0, 0, 0, 0, 0, 0, 0, 2, 2, 2, 1]|(0.9784414861231674, 0.029459974094178696, 0.9541529799639346, 0.06632830310402933, 0.5627439371468752, 0.34586610933730405, 0.883700134669646, 0.2962522199594425, 0.4707465277777778, 0.3353529829949441, 0.8231481481481482, 0.11196817524293458)
2020-02-08 21:02:17|[0, 0, 0, 0, 0, 0, 0, 0, 0, 0, 0, 0, 0, 0, 0, 0, 2, 2, 2, 2]|(0.9768497721354167, 0.03155523669903595, 0.9550017397663315, 0.06572937540914117, 0.613995756636577, 0.3365749391777923, 0.8833925254301458, 0.3024017412964797, 0.5220486111111111, 0.3305703723482488, 0.8402343750000001, 0.11040045293881647)
2020-02-08 21:02:25|[0, 0, 0, 0, 0, 0, 0, 0, 0, 0, 0, 0, 0, 0, 0, 0, 2, 2, 2, 3]|(0.976837934329186, 0.03159996748994665, 0.9549398945678165, 0.06582388098082345, 0.578748748367379, 0.33420978187833955, 0.8829838034330295, 0.3022510347635554, 0.48263888888888884, 0.32644461514524975, 0.8270978009259259, 0.10902819917247486)
2020-02-08 21:02:31|[0, 0, 0, 0, 0, 0, 0, 0, 0, 0, 0, 0, 0, 0, 0, 0, 2, 2, 3, 0]|(0.9739225787880981, 0.038468461423852095, 0.9483087110661783, 0.07960292493276433, 0.39600836890294144, 0.3161446690004064, 0.7468623392915977, 0.43121774050735173, 0.3051215277777778, 0.3025738230427766, 0.7680555555555555, 0.10100821828746595)
2020-02-08 21:02:39|[0, 0, 0, 0, 0, 0, 0, 0, 0, 0, 0, 0, 0, 0, 0, 0, 2, 2, 3, 1]|(0.9784536780840085, 0.02940570953152049, 0.954211156146463, 0.06619639976602397, 0.46280770193633675, 0.3200237080914456, 0.7482128820806682, 0.4319886246595802, 0.36263020833333337, 0.3032911049711561, 0.7872251157407408, 0.10122520256429011)
2020-02-08 21:02:47|[0, 0, 0, 0, 0, 0, 0, 0, 0, 0, 0, 0, 0, 0, 0, 0, 2, 2, 3, 2]|(0.9768669222608024, 0.03151406201836788, 0.9550577130444016, 0.06561349291890504, 0.49895343235783735, 0.3313490471451332, 0.8675575169259077, 0.32825453571776186, 0.4004340277777778, 0.3151895139046407, 0.7998408564814815, 0.10518827633800437)
2020-02-08 21:02:56|[0, 0, 0, 0, 0, 0, 0, 0, 0, 0, 0, 0, 0, 0, 0, 0, 2, 2, 3, 3]|(0.9768533664279515, 0.03155886391814077, 0.9549932091928081, 0.06571113219336257, 0.4608687523365086, 0.3223343343594207, 0.8109807357009415, 0.3471765426164103, 0.3618923611111111, 0.30569326669074326, 0.7870225694444445, 0.10200216177472277)
2020-02-08 21:03:01|[0, 0, 0, 0, 0, 0, 0, 0, 0, 0, 0, 0, 0, 0, 0, 0, 2, 3, 0, 0]|(0.9658591489438657, 0.052713728382365294, 0.9331889075009245, 0.0989128672786958, 0.3292015551083233, 0.3457059118928972, 0.7363102835994382, 0.42561741891830335, 0.26254340277777777, 0.3225806307441347, 0.75390625, 0.10758506143036892)
2020-02-08 21:03:07|[0, 0, 0, 0, 0, 0, 0, 0, 0, 0, 0, 0, 0, 0, 0, 0, 2, 3, 0, 1]|(0.9702569127965857, 0.03955612920299452, 0.9393236689736588, 0.07965155240061023, 0.4121903561850139, 0.2944088329761302, 0.8652317390579649, 0.32754655226324264, 0.3111979166666667, 0.28670458428692436, 0.7701244212962963, 0.09560543255775011)
2020-02-08 21:03:13|[0, 0, 0, 0, 0, 0, 0, 0, 0, 0, 0, 0, 0, 0, 0, 0, 2, 3, 0, 2]|(0.9644658821011767, 0.052772603278758226, 0.9372147688344306, 0.09197673899716696, 0.49651185656733143, 0.29266055803849683, 0.8729753728165075, 0.32995998900842566, 0.3838975694444444, 0.28303163709609314, 0.7943431712962963, 0.09442306753118986)
2020-02-08 21:03:19|[0, 0, 0, 0, 0, 0, 0, 0, 0, 0, 0, 0, 0, 0, 0, 0, 2, 3, 0, 3]|(0.9643840648509838, 0.052961152399705044, 0.9370459066863404, 0.0921981766221005, 0.4321772184392382, 0.28892171060960026, 0.8723294051866946, 0.3297255024802491, 0.3265625, 0.2842687254783896, 0.7753182870370371, 0.09478371269002099)
2020-02-08 21:03:25|[0, 0, 0, 0, 0, 0, 0, 0, 0, 0, 0, 0, 0, 0, 0, 0, 2, 3, 1, 0]|(0.9684482602719908, 0.05332813989651664, 0.9409246245099683, 0.09153996699877398, 0.4266472295401533, 0.3075275522760803, 0.7672699668024553, 0.3970912303912188, 0.32751736111111107, 0.2959251042574196, 0.7754340277777778, 0.09880539591840194)
2020-02-08 21:03:31|[0, 0, 0, 0, 0, 0, 0, 0, 0, 0, 0, 0, 0, 0, 0, 0, 2, 3, 1, 1]|(0.9731605510947146, 0.03910904520232075, 0.9453104056710995, 0.07509244085814466, 0.48636282923432617, 0.33310297581113607, 0.7635892803366509, 0.4059903447833945, 0.38984375, 0.31827129985295366, 0.7962528935185185, 0.1062122315704152)
2020-02-08 21:03:37|[0, 0, 0, 0, 0, 0, 0, 0, 0, 0, 0, 0, 0, 0, 0, 0, 2, 3, 1, 2]|(0.9709651089891975, 0.04147206442682966, 0.9463796926864089, 0.07782637686797299, 0.51690312376117, 0.34713228625562137, 0.8311468165478855, 0.3322580386545463, 0.4256510416666667, 0.3362976033239349, 0.8081597222222223, 0.11223104567439762)
2020-02-08 21:03:45|[0, 0, 0, 0, 0, 0, 0, 0, 0, 0, 0, 0, 0, 0, 0, 0, 2, 3, 1, 3]|(0.9709321650752315, 0.041534193415173525, 0.9462807279647265, 0.07795798485573813, 0.48579692878916625, 0.3363996358922933, 0.7478315600382388, 0.4317755564904702, 0.39114583333333336, 0.32330519114952116, 0.7966869212962964, 0.10789942485784206)
2020-02-08 21:03:50|[0, 0, 0, 0, 0, 0, 0, 0, 0, 0, 0, 0, 0, 0, 0, 0, 2, 3, 2, 0]|(0.9738920386043596, 0.038609515760408476, 0.948014370483639, 0.07998538420650943, 0.5281456302204672, 0.34184757426461937, 0.7582099300877685, 0.4142312544799357, 0.4306857638888888, 0.3149088743560913, 0.809765625, 0.10520007163955532)
2020-02-08 21:03:57|[0, 0, 0, 0, 0, 0, 0, 0, 0, 0, 0, 0, 0, 0, 0, 0, 2, 3, 2, 1]|(0.9784336269048997, 0.02952675820488995, 0.9539820166662534, 0.06657823831711118, 0.5340445428267021, 0.34446114859878285, 0.8771310295031121, 0.285754872783671, 0.4399739583333333, 0.32855958679590636, 0.8129195601851852, 0.10966306827494442)
2020-02-08 21:04:05|[0, 0, 0, 0, 0, 0, 0, 0, 0, 0, 0, 0, 0, 0, 0, 0, 2, 3, 2, 2]|(0.9768210479359567, 0.03165222832741409, 0.9548145825040941, 0.06599028998630144, 0.5895621597565918, 0.333807472715194, 0.8831591876246931, 0.3023155681514095, 0.49405381944444443, 0.3268568618705834, 0.8309027777777778, 0.1091626944487479)
2020-02-08 21:04:14|[0, 0, 0, 0, 0, 0, 0, 0, 0, 0, 0, 0, 0, 0, 0, 0, 2, 3, 2, 3]|(0.9768061508367092, 0.03170029206663524, 0.9547397399875606, 0.06610118232262222, 0.5461544893997579, 0.3338287936832613, 0.8844407817625299, 0.2965127579954108, 0.44839409722222223, 0.32291811050584474, 0.815726273148148, 0.10781547327060298)
2020-02-08 21:04:21|[0, 0, 0, 0, 0, 0, 0, 0, 0, 0, 0, 0, 0, 0, 0, 0, 2, 3, 3, 0]|(0.9739151942877122, 0.038540472628942286, 0.9480786189626917, 0.07980823327705022, 0.3540124251297738, 0.31789752780630137, 0.7454091042186701, 0.4303998909244551, 0.2726996527777778, 0.30493228422369106, 0.7572916666666667, 0.10175286514597488)
2020-02-08 21:04:28|[0, 0, 0, 0, 0, 0, 0, 0, 0, 0, 0, 0, 0, 0, 0, 0, 2, 3, 3, 1]|(0.9784429027416088, 0.02947026078920463, 0.9540371248815659, 0.06644804163759788, 0.43278086836987545, 0.3105736997831576, 0.7483582128578771, 0.43207092928745805, 0.3333767361111111, 0.2968805046141312, 0.7775028935185184, 0.09908101924691753)
2020-02-08 21:04:37|[0, 0, 0, 0, 0, 0, 0, 0, 0, 0, 0, 0, 0, 0, 0, 0, 2, 3, 3, 2]|(0.9768369999638311, 0.0316097211840008, 0.9548685101445721, 0.06587326973036109, 0.4698163140873867, 0.3253900693777619, 0.8315132701447787, 0.33243410057261186, 0.37109375, 0.3084673127446815, 0.7900462962962963, 0.10295454422329299)
2020-02-08 21:04:47|[0, 0, 0, 0, 0, 0, 0, 0, 0, 0, 0, 0, 0, 0, 0, 0, 2, 3, 3, 3]|(0.9768239188488619, 0.03165885328561429, 0.9547944627800398, 0.06598665176054297, 0.433211569825483, 0.31507520329744393, 0.7483335498137813, 0.43205946266812745, 0.3354166666666667, 0.30068051112830135, 0.778197337962963, 0.10033153421244997)
2020-02-08 21:04:50|[0, 0, 0, 0, 0, 0, 0, 0, 0, 0, 0, 0, 0, 0, 0, 0, 3, 0, 0, 0]|(0.914306196047936, 0.12389900981478177, 0.8821815257700851, 0.1899184002229877, 0.7782522134556259, 0.3083132876138806, 0.8540150723366144, 0.2736060701661835, 0.7378906249999999, 0.31207955114078584, 0.8995949074074074, 0.10756612185927777)
2020-02-08 21:04:53|[0, 0, 0, 0, 0, 0, 0, 0, 0, 0, 0, 0, 0, 0, 0, 0, 3, 0, 0, 1]|(0.9307759602864583, 0.09940025625419026, 0.9002894625070501, 0.1418026539240928, 0.7148930929508823, 0.3242837160502325, 0.9180851690233174, 0.14740041072953539, 0.6547743055555555, 0.3372897413722131, 0.8774016203703703, 0.10959770814720193)
2020-02-08 21:04:58|[0, 0, 0, 0, 0, 0, 0, 0, 0, 0, 0, 0, 0, 0, 0, 0, 3, 0, 0, 2]|(0.937046960901331, 0.09652584066595415, 0.9103075308743837, 0.14098719528386197, 0.7344041797073093, 0.32871099644016444, 0.8969190318405076, 0.23927041510140165, 0.6739583333333333, 0.33612406892205615, 0.8876446759259259, 0.11042539768041822)
2020-02-08 21:05:03|[0, 0, 0, 0, 0, 0, 0, 0, 0, 0, 0, 0, 0, 0, 0, 0, 3, 0, 0, 3]|(0.9369779534987461, 0.09653794555549551, 0.9101598506932409, 0.1410558326755988, 0.7104630393988572, 0.3299951003973644, 0.888147827532993, 0.277726439377101, 0.6381944444444445, 0.3325009953253691, 0.8776041666666667, 0.11033683857282142)
2020-02-08 21:05:07|[0, 0, 0, 0, 0, 0, 0, 0, 0, 0, 0, 0, 0, 0, 0, 0, 3, 0, 1, 0]|(0.9326297938970872, 0.09420276127164909, 0.9014083967402143, 0.1488721695611438, 0.732235997315958, 0.31306101647031814, 0.9451179820171112, 0.07826033625684162, 0.6749131944444444, 0.3373781532843539, 0.8830150462962962, 0.11457321653219919)
2020-02-08 21:05:11|[0, 0, 0, 0, 0, 0, 0, 0, 0, 0, 0, 0, 0, 0, 0, 0, 3, 0, 1, 1]|(0.9469256290388696, 0.0713868275234634, 0.9174254736908474, 0.11860704019521918, 0.6481139596909248, 0.35423122026245146, 0.9202945723189798, 0.15811668503021067, 0.5756510416666667, 0.3582717329990748, 0.8555700231481482, 0.12096541563884833)
2020-02-08 21:05:17|[0, 0, 0, 0, 0, 0, 0, 0, 0, 0, 0, 0, 0, 0, 0, 0, 3, 0, 1, 2]|(0.956086440851659, 0.06264723941415111, 0.9308795621193229, 0.10749143781408979, 0.688394706797791, 0.3417885244431578, 0.8987803744920018, 0.24560785919687128, 0.6161024305555556, 0.3458997792828765, 0.870457175925926, 0.11574653848326052)
2020-02-08 21:05:24|[0, 0, 0, 0, 0, 0, 0, 0, 0, 0, 0, 0, 0, 0, 0, 0, 3, 0, 1, 3]|(0.9560660053771219, 0.06264221815654837, 0.9308027921022284, 0.10750501084070604, 0.6524784546330142, 0.34513217712254524, 0.888926012460137, 0.27799043253234806, 0.5731770833333334, 0.34833172346382263, 0.8567708333333333, 0.11651885431702104)
2020-02-08 21:05:28|[0, 0, 0, 0, 0, 0, 0, 0, 0, 0, 0, 0, 0, 0, 0, 0, 3, 0, 2, 0]|(0.9591127974898727, 0.06341104206353972, 0.9328255650966604, 0.11503956161249648, 0.7875870512699983, 0.31754173382752027, 0.9212652983347422, 0.16802325937402862, 0.7413194444444444, 0.3268940018790589, 0.9100694444444444, 0.1091475534140865)
2020-02-08 21:05:34|[0, 0, 0, 0, 0, 0, 0, 0, 0, 0, 0, 0, 0, 0, 0, 0, 3, 0, 2, 1]|(0.9670372254171489, 0.05050436901943399, 0.9435873267760564, 0.09146915127546035, 0.7336464154308402, 0.34224454029604995, 0.9050839805636828, 0.23121951156364076, 0.6763020833333333, 0.34976950831684284, 0.890234375, 0.11655638436907188)
2020-02-08 21:05:40|[0, 0, 0, 0, 0, 0, 0, 0, 0, 0, 0, 0, 0, 0, 0, 0, 3, 0, 2, 2]|(0.9673450535903743, 0.049753739983505366, 0.9467567537479704, 0.08880989420644454, 0.7449960755058793, 0.3422210506552828, 0.8975382826354927, 0.26365692123528267, 0.6894097222222222, 0.34987286877601065, 0.8956597222222222, 0.11673668717405473)
2020-02-08 21:05:48|[0, 0, 0, 0, 0, 0, 0, 0, 0, 0, 0, 0, 0, 0, 0, 0, 3, 0, 2, 3]|(0.9673367648654514, 0.04975549876475779, 0.9466934647047944, 0.08884065801727521, 0.7227519040934313, 0.3433871424491492, 0.8905824006539915, 0.28262419840990655, 0.6592013888888889, 0.34696062194013216, 0.885691550925926, 0.11582663099969356)
2020-02-08 21:05:53|[0, 0, 0, 0, 0, 0, 0, 0, 0, 0, 0, 0, 0, 0, 0, 0, 3, 0, 3, 0]|(0.9592831157166282, 0.06307528343330025, 0.9330721880711352, 0.11454637474634422, 0.668522407940805, 0.3634500153279056, 0.8965241512549271, 0.25800802701309083, 0.601171875, 0.36091837377425123, 0.8658854166666667, 0.1204851625836556)
2020-02-08 21:06:00|[0, 0, 0, 0, 0, 0, 0, 0, 0, 0, 0, 0, 0, 0, 0, 0, 3, 0, 3, 1]|(0.9672011161144869, 0.05013642768196571, 0.9437815100700861, 0.09105262368808824, 0.619523287537334, 0.34970746477937237, 0.8908524456224016, 0.2786084276667431, 0.53671875, 0.35137738396226625, 0.8449942129629631, 0.11744273402469413)
2020-02-08 21:06:07|[0, 0, 0, 0, 0, 0, 0, 0, 0, 0, 0, 0, 0, 0, 0, 0, 3, 0, 3, 2]|(0.9674950343002509, 0.0494020856417569, 0.9469388369671247, 0.08844069184178616, 0.6604191807791966, 0.33987370319313526, 0.8832565012193668, 0.3023544797193978, 0.5787326388888889, 0.34154838023787115, 0.8590567129629629, 0.11410399044207795)
2020-02-08 21:06:15|[0, 0, 0, 0, 0, 0, 0, 0, 0, 0, 0, 0, 0, 0, 0, 0, 3, 0, 3, 3]|(0.9674870771243248, 0.04940373189802584, 0.9468756127921918, 0.08846965064060575, 0.6219300141540157, 0.34292897844372033, 0.8832005368337381, 0.30233496478865546, 0.5358506944444444, 0.3448448888758205, 0.8448350694444444, 0.11521396235238017)
2020-02-08 21:06:18|[0, 0, 0, 0, 0, 0, 0, 0, 0, 0, 0, 0, 0, 0, 0, 0, 3, 1, 0, 0]|(0.9234137490354939, 0.1104207443293144, 0.8874220693030346, 0.17849396293073957, 0.6544394135489717, 0.34520705794021683, 0.9187043109045636, 0.18275715778806242, 0.5796875, 0.3504402956978056, 0.8572771990740742, 0.11624284084916132)
2020-02-08 21:06:22|[0, 0, 0, 0, 0, 0, 0, 0, 0, 0, 0, 0, 0, 0, 0, 0, 3, 1, 0, 1]|(0.9385571515118634, 0.08610899931510312, 0.9070673268122177, 0.13157370530325269, 0.6122166573388476, 0.33467593942496404, 0.9309314678438376, 0.16305801522473384, 0.5226996527777777, 0.3390817867969585, 0.8398003472222222, 0.11312497627959939)
2020-02-08 21:06:27|[0, 0, 0, 0, 0, 0, 0, 0, 0, 0, 0, 0, 0, 0, 0, 0, 3, 1, 0, 2]|(0.9433544319058642, 0.08403346510188656, 0.9141244698375157, 0.13147572802801605, 0.6712935447456323, 0.329623814555391, 0.9134701284846963, 0.21928818996360905, 0.5867621527777778, 0.32955954954082617, 0.8614728009259259, 0.10986499585472352)
2020-02-08 21:06:33|[0, 0, 0, 0, 0, 0, 0, 0, 0, 0, 0, 0, 0, 0, 0, 0, 3, 1, 0, 3]|(0.9432898627387153, 0.08405759774494306, 0.913971002005974, 0.13155145106609556, 0.6150367701536021, 0.32490678783188803, 0.9032780426509635, 0.24693229679758913, 0.519921875, 0.32753731623305077, 0.8394097222222222, 0.10924661470990493)
2020-02-08 21:06:38|[0, 0, 0, 0, 0, 0, 0, 0, 0, 0, 0, 0, 0, 0, 0, 0, 3, 1, 1, 0]|(0.9383298596040702, 0.08654640176819184, 0.9074767485113644, 0.13819648625130918, 0.6178036933258564, 0.3734249210602439, 0.9118619227000158, 0.17483048702259013, 0.5478732638888888, 0.36672763253400986, 0.8463252314814815, 0.12376687486591623)
2020-02-08 21:06:43|[0, 0, 0, 0, 0, 0, 0, 0, 0, 0, 0, 0, 0, 0, 0, 0, 3, 1, 1, 1]|(0.9517759346667631, 0.06423974995558761, 0.9225778937950344, 0.11014748150514489, 0.5876604353528061, 0.3716535746930741, 0.8942643499379035, 0.20326727423805807, 0.5111111111111111, 0.3614476596780347, 0.8353877314814815, 0.12112924830367673)
2020-02-08 21:06:49|[0, 0, 0, 0, 0, 0, 0, 0, 0, 0, 0, 0, 0, 0, 0, 0, 3, 1, 1, 2]|(0.9597653989438657, 0.05600552907955832, 0.9339074465883157, 0.1005597305996895, 0.6205433741024439, 0.3552663364848149, 0.8893257431337227, 0.2780538411854559, 0.5403211805555556, 0.3534785934836665, 0.8459201388888888, 0.11806159420263045)
2020-02-08 21:06:56|[0, 0, 0, 0, 0, 0, 0, 0, 0, 0, 0, 0, 0, 0, 0, 0, 3, 1, 1, 3]|(0.9597406608675734, 0.056002897979735074, 0.9338123567251543, 0.10056478210347601, 0.5876485023229227, 0.3596418909962519, 0.8892460146148342, 0.2780145989917203, 0.5052083333333334, 0.35447494752933656, 0.8343894675925926, 0.11839625003360629)
2020-02-08 21:07:01|[0, 0, 0, 0, 0, 0, 0, 0, 0, 0, 0, 0, 0, 0, 0, 0, 3, 1, 2, 0]|(0.9627695794753086, 0.05697195624283144, 0.9354164129433232, 0.10718948861236345, 0.7063414781213275, 0.3678254829320122, 0.9166600061063136, 0.20269661207090234, 0.6539496527777777, 0.3733110410099925, 0.8830439814814814, 0.1244041358751713)
2020-02-08 21:07:07|[0, 0, 0, 0, 0, 0, 0, 0, 0, 0, 0, 0, 0, 0, 0, 0, 3, 1, 2, 1]|(0.970400850272473, 0.043521799801705854, 0.9455147471591979, 0.08473266820778018, 0.6526287021191544, 0.352409849294784, 0.9014696083368315, 0.24630441843554596, 0.5767361111111111, 0.35353186403344167, 0.8579282407407407, 0.11807860216674282)
2020-02-08 21:07:14|[0, 0, 0, 0, 0, 0, 0, 0, 0, 0, 0, 0, 0, 0, 0, 0, 3, 1, 2, 2]|(0.9705487814067322, 0.043144815450605375, 0.9484153515965552, 0.08268678644551734, 0.6936239709976421, 0.34602916404584766, 0.8992135385388325, 0.25889213636159636, 0.6227864583333333, 0.34754810824576676, 0.8735677083333333, 0.11601493761140946)
2020-02-08 21:07:22|[0, 0, 0, 0, 0, 0, 0, 0, 0, 0, 0, 0, 0, 0, 0, 0, 3, 1, 2, 3]|(0.9705401686680171, 0.04314945767400936, 0.9483089674743478, 0.08268894486642527, 0.656748089273615, 0.3457866654483633, 0.8828941976681552, 0.3022205211867428, 0.5772135416666666, 0.34614494069956986, 0.8584924768518518, 0.11562355087832271)
2020-02-08 21:07:29|[0, 0, 0, 0, 0, 0, 0, 0, 0, 0, 0, 0, 0, 0, 0, 0, 3, 1, 3, 0]|(0.9629341935522762, 0.05664510329994181, 0.9356322417559696, 0.10674532904162742, 0.5615905039081697, 0.3669988245423966, 0.8597005762444059, 0.27867720466468965, 0.47934027777777777, 0.352574161697263, 0.8258535879629629, 0.1177987166407074)
2020-02-08 21:07:35|[0, 0, 0, 0, 0, 0, 0, 0, 0, 0, 0, 0, 0, 0, 0, 0, 3, 1, 3, 1]|(0.9705524661217206, 0.04318736490440179, 0.9457341630268143, 0.08433011244624108, 0.5581094556274584, 0.36305748743298816, 0.8513548551996977, 0.3013031804809347, 0.4750434027777778, 0.3561020545383124, 0.8244791666666667, 0.1189594262100887)
2020-02-08 21:07:43|[0, 0, 0, 0, 0, 0, 0, 0, 0, 0, 0, 0, 0, 0, 0, 0, 3, 1, 3, 2]|(0.9706867283950618, 0.04282674934403525, 0.9485683418321089, 0.0822939579974598, 0.5920269825668378, 0.34880910487159733, 0.8823847804406353, 0.30203319781564636, 0.5055555555555555, 0.3488076218908073, 0.8346788194444446, 0.11651326297426677)
2020-02-08 21:07:51|[0, 0, 0, 0, 0, 0, 0, 0, 0, 0, 0, 0, 0, 0, 0, 0, 3, 1, 3, 3]|(0.9706750789689429, 0.04283267866016208, 0.9484646161939501, 0.08229974291853477, 0.5569936733598483, 0.3540948654581401, 0.8812359430690502, 0.3016234321546923, 0.4706163194444445, 0.35119287571614555, 0.8230613425925926, 0.11728420721054515)
2020-02-08 21:07:56|[0, 0, 0, 0, 0, 0, 0, 0, 0, 0, 0, 0, 0, 0, 0, 0, 3, 2, 0, 0]|(0.9368461175612461, 0.10050541195099423, 0.897427620103566, 0.17237109342404594, 0.5729487948718259, 0.34706135500355134, 0.9258471333793785, 0.18205942545532192, 0.48572048611111107, 0.34807137649136777, 0.8280237268518519, 0.11615284615557106)
2020-02-08 21:08:01|[0, 0, 0, 0, 0, 0, 0, 0, 0, 0, 0, 0, 0, 0, 0, 0, 3, 2, 0, 1]|(0.949589828679591, 0.08070689083621294, 0.9161911960156902, 0.13075200614349458, 0.5679940590512186, 0.3216841138749551, 0.8872882716798132, 0.28814539143623086, 0.46770833333333334, 0.32104163662364366, 0.8220341435185184, 0.10714223484877985)
2020-02-08 21:08:07|[0, 0, 0, 0, 0, 0, 0, 0, 0, 0, 0, 0, 0, 0, 0, 0, 3, 2, 0, 2]|(0.9486935236424576, 0.07920073450305554, 0.9181246840009349, 0.12934099826035017, 0.6324913583058878, 0.33041289301534943, 0.888689313121943, 0.2886550257360443, 0.5411892361111111, 0.3292042499302526, 0.8466435185185186, 0.10982367738248311)
2020-02-08 21:08:14|[0, 0, 0, 0, 0, 0, 0, 0, 0, 0, 0, 0, 0, 0, 0, 0, 3, 2, 0, 3]|(0.9486486213589892, 0.07921818829547414, 0.9180221616995998, 0.12941612200893368, 0.5827643289347558, 0.3234211889286646, 0.8883423526514826, 0.28852821019114044, 0.4829861111111111, 0.3190317098902698, 0.8272569444444444, 0.1064539737768344)
2020-02-08 21:08:18|[0, 0, 0, 0, 0, 0, 0, 0, 0, 0, 0, 0, 0, 0, 0, 0, 3, 2, 1, 0]|(0.9500188982928242, 0.07618556550694464, 0.9192467192932521, 0.12864463770759665, 0.575859519899289, 0.3643209781981675, 0.8898441547413976, 0.25582914502730975, 0.4930555555555555, 0.3467870536937155, 0.8298032407407407, 0.1158108728492476)
2020-02-08 21:08:24|[0, 0, 0, 0, 0, 0, 0, 0, 0, 0, 0, 0, 0, 0, 0, 0, 3, 2, 1, 1]|(0.9608512746551889, 0.055874648870272575, 0.9300857533922856, 0.10279807814688108, 0.5655633905140179, 0.350592373704363, 0.8973488866461573, 0.2552599347605749, 0.47790798611111107, 0.34803615268709204, 0.8253327546296296, 0.11619153296059856)
2020-02-08 21:08:31|[0, 0, 0, 0, 0, 0, 0, 0, 0, 0, 0, 0, 0, 0, 0, 0, 3, 2, 1, 2]|(0.962984302662037, 0.05371638503841337, 0.9357238584345535, 0.09976077382627198, 0.6118975899185369, 0.3374770361599813, 0.882618046344978, 0.30211938038927544, 0.5213975694444444, 0.3365359001388236, 0.8399016203703704, 0.11240435341085717)
2020-02-08 21:08:39|[0, 0, 0, 0, 0, 0, 0, 0, 0, 0, 0, 0, 0, 0, 0, 0, 3, 2, 1, 3]|(0.962965848946277, 0.05372132641167517, 0.9356500432145005, 0.09980391401162106, 0.5773056925097576, 0.3370054245019616, 0.8845772191879169, 0.2965616313578735, 0.4841579861111111, 0.33714218114265665, 0.8275752314814815, 0.1125721920039918)
2020-02-08 21:08:45|[0, 0, 0, 0, 0, 0, 0, 0, 0, 0, 0, 0, 0, 0, 0, 0, 3, 2, 2, 0]|(0.9639026557074653, 0.05523446022885236, 0.9349773648367088, 0.10621133600394474, 0.6729136654154739, 0.3621827610181936, 0.8913736911573041, 0.27877533897499907, 0.6073350694444444, 0.3675998078122228, 0.868431712962963, 0.12268014530943581)
2020-02-08 21:08:52|[0, 0, 0, 0, 0, 0, 0, 0, 0, 0, 0, 0, 0, 0, 0, 0, 3, 2, 2, 1]|(0.9708794713903357, 0.04292671578307397, 0.9435117682470027, 0.08652796180217195, 0.6429036915761972, 0.3423387725267539, 0.8916934331240731, 0.27889688289588704, 0.5588975694444445, 0.34137326041897986, 0.8524016203703704, 0.11403736061328448)
2020-02-08 21:09:00|[0, 0, 0, 0, 0, 0, 0, 0, 0, 0, 0, 0, 0, 0, 0, 0, 3, 2, 2, 2]|(0.9706313446421682, 0.04275821328825256, 0.9460677400677105, 0.08397783494352212, 0.6736376176175523, 0.3457766227726345, 0.8834361484216189, 0.3024184440664353, 0.5975260416666667, 0.34644580891745386, 0.8653211805555556, 0.11569075797914707)
2020-02-08 21:09:09|[0, 0, 0, 0, 0, 0, 0, 0, 0, 0, 0, 0, 0, 0, 0, 0, 3, 2, 2, 3]|(0.9706256329571759, 0.04276718933290371, 0.9460201996996089, 0.08401790772326086, 0.6413959119728501, 0.34272111123595655, 0.88314666109737, 0.3023118327924708, 0.5574652777777778, 0.3421254841204394, 0.8519675925925927, 0.11425852122206713)
2020-02-08 21:09:16|[0, 0, 0, 0, 0, 0, 0, 0, 0, 0, 0, 0, 0, 0, 0, 0, 3, 2, 3, 0]|(0.9640485071252893, 0.05491877536056688, 0.9351616901756397, 0.10576825992743244, 0.5179992505210845, 0.35349020076401194, 0.8194028114348877, 0.3220537488259106, 0.4257378472222222, 0.32391527368332357, 0.8080729166666667, 0.10823275155636983)
2020-02-08 21:09:24|[0, 0, 0, 0, 0, 0, 0, 0, 0, 0, 0, 0, 0, 0, 0, 0, 3, 2, 3, 1]|(0.9710151126060957, 0.04261162614328346, 0.9436773078264207, 0.0861395139563868, 0.5229560608853443, 0.3456792597855285, 0.8858883217709118, 0.2876515183232625, 0.4321180555555556, 0.3398670636426455, 0.810300925925926, 0.11344526361046611)
2020-02-08 21:09:32|[0, 0, 0, 0, 0, 0, 0, 0, 0, 0, 0, 0, 0, 0, 0, 0, 3, 2, 3, 2]|(0.9707579812885803, 0.0424616308049893, 0.9462144687384666, 0.08361494698832135, 0.5774551110984008, 0.33541932255325463, 0.8829503548346649, 0.30223945681192504, 0.4834635416666667, 0.33438419141468206, 0.8273726851851853, 0.11168960492208256)
2020-02-08 21:09:42|[0, 0, 0, 0, 0, 0, 0, 0, 0, 0, 0, 0, 0, 0, 0, 0, 3, 2, 3, 3]|(0.9707518174913194, 0.04247134960356577, 0.9461656463599741, 0.08365498408058072, 0.5381935083159965, 0.3360379080416703, 0.8859803376103725, 0.29289063711266017, 0.44318576388888886, 0.3321030327044254, 0.8140046296296297, 0.11085988972684678)
2020-02-08 21:09:46|[0, 0, 0, 0, 0, 0, 0, 0, 0, 0, 0, 0, 0, 0, 0, 0, 3, 3, 0, 0]|(0.9367437141324267, 0.10046083730688124, 0.8969663742845552, 0.17233592638215686, 0.5130535756577413, 0.34263099363261534, 0.8904374379907067, 0.2736526714584348, 0.42074652777777777, 0.33137503236243676, 0.8064236111111112, 0.11059045947423878)
2020-02-08 21:09:53|[0, 0, 0, 0, 0, 0, 0, 0, 0, 0, 0, 0, 0, 0, 0, 0, 3, 3, 0, 1]|(0.9495184175467786, 0.08067479092561837, 0.9158916575219557, 0.13092613361120115, 0.5191054220856975, 0.3068701800317019, 0.8892904482818247, 0.28215812417880665, 0.4118923611111111, 0.3012427315979045, 0.8034866898148147, 0.10052806999254099)
2020-02-08 21:09:59|[0, 0, 0, 0, 0, 0, 0, 0, 0, 0, 0, 0, 0, 0, 0, 0, 3, 3, 0, 2]|(0.9485791467737268, 0.0792650316337082, 0.9178122039824299, 0.12958429455812917, 0.5970966592172546, 0.32550651553147963, 0.8883594698829788, 0.28853325965642435, 0.4993923611111111, 0.3219918315288091, 0.8326967592592593, 0.10740804659871268)
2020-02-08 21:10:07|[0, 0, 0, 0, 0, 0, 0, 0, 0, 0, 0, 0, 0, 0, 0, 0, 3, 3, 0, 3]|(0.9485308159722222, 0.07928466358515708, 0.9176841490910355, 0.1296683631396015, 0.5408857678695858, 0.31752114957316335, 0.8903461622091882, 0.28253835284983736, 0.43702256944444445, 0.3096855290093048, 0.8119646990740741, 0.10331238783889918)
2020-02-08 21:10:13|[0, 0, 0, 0, 0, 0, 0, 0, 0, 0, 0, 0, 0, 0, 0, 0, 3, 3, 1, 0]|(0.9499860598717207, 0.07616151592995508, 0.9189949034234817, 0.12873999752700935, 0.5275216301192015, 0.35201164262317725, 0.7729561364604607, 0.38619680659744515, 0.43580729166666665, 0.32774758927288083, 0.8112268518518517, 0.10942971821066856)
2020-02-08 21:10:20|[0, 0, 0, 0, 0, 0, 0, 0, 0, 0, 0, 0, 0, 0, 0, 0, 3, 3, 1, 1]|(0.9608264084804206, 0.05587294568900895, 0.9298823095228193, 0.10297054216204864, 0.5404308954276886, 0.3542428133897355, 0.8903156152009422, 0.25352322891745244, 0.4536892361111111, 0.3506178984075318, 0.8173321759259259, 0.11705489110527573)
2020-02-08 21:10:28|[0, 0, 0, 0, 0, 0, 0, 0, 0, 0, 0, 0, 0, 0, 0, 0, 3, 3, 1, 2]|(0.9629351128472222, 0.053744551940369874, 0.935504779567185, 0.09994067108591138, 0.5862167526862851, 0.33610509394166915, 0.8844696159858946, 0.2965225400521075, 0.49318576388888896, 0.33617979246464125, 0.830541087962963, 0.11224013812814629)
2020-02-08 21:10:36|[0, 0, 0, 0, 0, 0, 0, 0, 0, 0, 0, 0, 0, 0, 0, 0, 3, 3, 1, 3]|(0.9629167872299382, 0.05375214546927168, 0.9354242759226905, 0.09998782126809334, 0.547183300569276, 0.34043563668566307, 0.8873145554696725, 0.2881523906869491, 0.4546006944444445, 0.3395075586292828, 0.8177951388888889, 0.11331100905173763)
2020-02-08 21:10:44|[0, 0, 0, 0, 0, 0, 0, 0, 0, 0, 0, 0, 0, 0, 0, 0, 3, 3, 2, 0]|(0.9638762146749614, 0.055251197728141715, 0.9347850844871635, 0.10634188431634163, 0.6337767459825799, 0.37084630675654784, 0.8911191268724479, 0.27868653742631366, 0.5621961805555555, 0.36316051887956274, 0.853515625, 0.12128069483125159)
2020-02-08 21:10:51|[0, 0, 0, 0, 0, 0, 0, 0, 0, 0, 0, 0, 0, 0, 0, 0, 3, 3, 2, 1]|(0.9708640242211612, 0.042946911615210304, 0.9433518863146594, 0.08669134235088603, 0.6133882934288781, 0.3383540237712757, 0.8826180568833811, 0.30212034200747967, 0.5239149305555555, 0.3391569567779761, 0.8407552083333334, 0.11331294031184715)
2020-02-08 21:11:00|[0, 0, 0, 0, 0, 0, 0, 0, 0, 0, 0, 0, 0, 0, 0, 0, 3, 3, 2, 2]|(0.9706066291714892, 0.04279533720328893, 0.9459063732715736, 0.08413382590394429, 0.6494246188667001, 0.3438330750256373, 0.8832155883904468, 0.302337175617692, 0.5674045138888889, 0.3433994616622763, 0.8552806712962964, 0.1146830569584475)
2020-02-08 21:11:09|[0, 0, 0, 0, 0, 0, 0, 0, 0, 0, 0, 0, 0, 0, 0, 0, 3, 3, 2, 3]|(0.9705992371358989, 0.04280364508990685, 0.9458524203986489, 0.08418083431095376, 0.618183768088806, 0.3392435560858469, 0.88328400998233, 0.30236228967078743, 0.5292534722222222, 0.3382460759947253, 0.8426215277777778, 0.11297370567728462)
2020-02-08 21:11:17|[0, 0, 0, 0, 0, 0, 0, 0, 0, 0, 0, 0, 0, 0, 0, 0, 3, 3, 3, 0]|(0.9640211241922261, 0.05493390538250083, 0.9349657478505337, 0.10589352742512619, 0.47787201499534454, 0.33908187561501313, 0.7624979702769823, 0.40537576947605725, 0.38207465277777775, 0.311969019260675, 0.7936342592592593, 0.10415686039232698)
2020-02-08 21:11:25|[0, 0, 0, 0, 0, 0, 0, 0, 0, 0, 0, 0, 0, 0, 0, 0, 3, 3, 3, 1]|(0.971000358675733, 0.04263350126548937, 0.9435169564031067, 0.08630722956622498, 0.49338412565147005, 0.34441355202044244, 0.8739242771141462, 0.2852695356450138, 0.4021701388888889, 0.33304112943038233, 0.8003182870370371, 0.11116950490434359)
2020-02-08 21:11:35|[0, 0, 0, 0, 0, 0, 0, 0, 0, 0, 0, 0, 0, 0, 0, 0, 3, 3, 3, 2]|(0.9707340494791667, 0.04249984093126219, 0.9460528602353531, 0.08377804611543371, 0.5480602012108123, 0.3349789063823715, 0.8847918825738628, 0.2966386143049211, 0.45286458333333335, 0.33253193912131684, 0.8172164351851852, 0.11102354390225139)
2020-02-08 21:11:46|[0, 0, 0, 0, 0, 0, 0, 0, 0, 0, 0, 0, 0, 0, 0, 0, 3, 3, 3, 3]|(0.9707272753303434, 0.042508145042318306, 0.9460015268686026, 0.0838197811946688, 0.5084229080693243, 0.33691012492883465, 0.8870667361757396, 0.28806362844112615, 0.41375868055555554, 0.3286475271378477, 0.804224537037037, 0.10968322299275551)
