1,1,solve_random,0.8590,0.2016,0.8157,0.2261,0.2218,0.3011,0.7734,0.2537,0.1720,0.2820,0.7233,0.0941,0.10205621,[0. 0. 0. 0. 0. 1. 0. 0. 0. 0. 0. 0.]
1,1,solve_random,0.9117,0.1089,0.8734,0.1293,0.3832,0.3377,0.8585,0.3251,0.3054,0.3283,0.7674,0.1094,0.11795231,[0. 0. 0. 0. 1. 1. 0. 0. 0. 0. 0. 0.]
1,1,solve_random,0.9620,0.0575,0.9233,0.0975,0.2520,0.3297,0.7779,0.3338,0.2010,0.3067,0.7334,0.1023,0.15437626,[0. 1. 0. 0. 1. 1. 0. 0. 0. 0. 0. 0.]
1,1,solve_random,0.9610,0.0414,0.9171,0.0791,0.3586,0.2996,0.8296,0.3315,0.2711,0.2949,0.7567,0.0983,0.28840817,[0. 1. 0. 0. 1. 1. 0. 1. 0. 0. 0. 0.]
1,1,solve_random,0.9642,0.0465,0.9322,0.0864,0.4268,0.2945,0.8713,0.3294,0.3236,0.2875,0.7743,0.0959,0.40846183,[0. 1. 0. 1. 1. 1. 0. 1. 0. 0. 0. 0.]
1,1,solve_random,0.9640,0.0469,0.9317,0.0870,0.3860,0.2946,0.8653,0.3277,0.2906,0.2900,0.7634,0.0967,0.45030566,[0. 1. 0. 1. 1. 1. 0. 1. 0. 1. 0. 0.]
1,1,solve_random,0.9639,0.0470,0.9315,0.0873,0.3316,0.2943,0.7476,0.4316,0.2497,0.2954,0.7498,0.0985,0.57698540,[0. 1. 0. 1. 1. 1. 0. 1. 0. 1. 0. 1.]
1,1,solve_greedy_accuracy,0.8849,0.0922,0.8144,0.1327,0.5487,0.2656,0.8514,0.1265,0.4794,0.3310,0.7963,0.0986,0.24180272,[0. 0. 0. 0. 0. 0. 0. 0. 0. 0. 0. 1.]
1,1,solve_greedy_accuracy,0.9401,0.0784,0.8960,0.1280,0.6014,0.3129,0.9200,0.0735,0.5181,0.3297,0.8284,0.1083,0.28741897,[0. 0. 0. 0. 0. 0. 0. 1. 0. 0. 0. 1.]
1,1,solve_greedy_accuracy,0.9398,0.0791,0.8956,0.1287,0.5399,0.3251,0.8524,0.3253,0.4490,0.3396,0.8124,0.1122,0.41376920,[0. 0. 0. 1. 0. 0. 0. 1. 0. 0. 0. 1.]
1,1,solve_greedy_accuracy,0.9608,0.0431,0.9336,0.0734,0.5559,0.3494,0.8912,0.2739,0.4697,0.3542,0.8225,0.1180,0.51610991,[0. 0. 0. 1. 0. 0. 0. 1. 0. 0. 1. 1.]
1,1,solve_greedy_latency,0.8955,0.1158,0.8439,0.1520,0.4870,0.2863,0.8968,0.1390,0.3953,0.3071,0.7824,0.1032,0.06594786,[1. 0. 0. 0. 0. 0. 0. 0. 0. 0. 0. 0.]
1,1,solve_greedy_latency,0.9570,0.0584,0.9264,0.1031,0.6391,0.2785,0.9883,0.0149,0.5302,0.2862,0.8415,0.0952,0.06949085,[1. 0. 0. 0. 1. 0. 0. 0. 0. 0. 0. 0.]
1,1,solve_greedy_latency,0.9143,0.1239,0.8822,0.1899,0.7783,0.3083,0.8540,0.2736,0.7379,0.3121,0.8996,0.1076,0.09981771,[1. 0. 0. 0. 1. 0. 0. 0. 1. 0. 0. 0.]
1,1,solve_greedy_latency,0.9234,0.1104,0.8874,0.1785,0.6544,0.3452,0.9187,0.1828,0.5797,0.3504,0.8573,0.1162,0.14096345,[1. 1. 0. 0. 1. 0. 0. 0. 1. 0. 0. 0.]
1,1,solve_greedy_latency,0.9368,0.1005,0.8974,0.1724,0.5729,0.3471,0.9258,0.1821,0.4857,0.3481,0.8280,0.1162,0.17313298,[1. 1. 0. 0. 1. 1. 0. 0. 1. 0. 0. 0.]
1,1,solve_greedy_latency,0.9367,0.1005,0.8970,0.1723,0.5131,0.3426,0.8904,0.2737,0.4207,0.3314,0.8064,0.1106,0.23028465,[1. 1. 0. 0. 1. 1. 0. 0. 1. 1. 0. 0.]
1,1,solve_greedy_latency,0.9500,0.0762,0.9190,0.1287,0.5275,0.3520,0.7730,0.3862,0.4358,0.3277,0.8112,0.1094,0.33785981,[1. 1. 1. 0. 1. 1. 0. 0. 1. 1. 0. 0.]
1,1,solve_greedy_latency,0.9639,0.0553,0.9348,0.1063,0.6338,0.3708,0.8911,0.2787,0.5622,0.3632,0.8535,0.1213,0.43687052,[1. 1. 1. 0. 1. 1. 1. 0. 1. 1. 0. 0.]
1,1,solve_greedy_latency,0.9640,0.0549,0.9350,0.1059,0.4779,0.3391,0.7625,0.4054,0.3821,0.3120,0.7936,0.1042,0.54406964,[1. 1. 1. 0. 1. 1. 1. 0. 1. 1. 1. 0.]
1,1,solve_opt_passive,0.9639,0.0470,0.9315,0.0873,0.3316,0.2943,0.7476,0.4316,0.2497,0.2954,0.7498,0.0985,0.57698540,[0. 1. 0. 1. 1. 1. 0. 1. 0. 1. 0. 1.]
1,1,solve_opt_passive,0.9608,0.0431,0.9336,0.0734,0.5559,0.3494,0.8912,0.2739,0.4697,0.3542,0.8225,0.1180,0.51610991,[0. 0. 0. 1. 0. 0. 0. 1. 0. 0. 1. 1.]
1,1,solve_opt_passive,0.9640,0.0549,0.9350,0.1059,0.4779,0.3391,0.7625,0.4054,0.3821,0.3120,0.7936,0.1042,0.54406964,[1. 1. 1. 0. 1. 1. 1. 0. 1. 1. 1. 0.]
1,1,solve_opt_passive,0.9694,0.0406,0.9408,0.0726,0.5503,0.3589,0.8538,0.3256,0.4665,0.3554,0.8215,0.1185,0.34604760,[1, 1, 0, 1, 0, 0, 1, 0, 1, 0, 0, 0]
1,1,solve_opt_passive,0.9782,0.0302,0.9574,0.0623,0.5405,0.3627,0.8294,0.3027,0.4573,0.3564,0.8186,0.1190,0.68259990,[0, 1, 0, 1, 0, 0, 1, 1, 1, 0, 1, 1]
1,1,solve_opt_passive,0.9774,0.0305,0.9579,0.0608,0.6133,0.3525,0.8825,0.3021,0.5303,0.3505,0.8429,0.1170,0.57890633,[0, 0, 1, 1, 1, 0, 1, 0, 1, 1, 0, 1]
1,1,solve_opt_passive,0.9732,0.0391,0.9455,0.0749,0.5116,0.3461,0.7754,0.3875,0.4204,0.3366,0.8064,0.1123,0.39171429,[0, 1, 0, 0, 1, 1, 1, 0, 1, 0, 0, 1]
1,1,solve_opt_passive,0.9707,0.0422,0.9437,0.0776,0.4582,0.3247,0.7634,0.4059,0.3606,0.3083,0.7865,0.1029,0.55460984,[0, 1, 0, 1, 0, 1, 0, 0, 1, 1, 1, 1]
1,1,solve_opt_passive,0.9709,0.0429,0.9435,0.0865,0.6429,0.3423,0.8917,0.2789,0.5589,0.3414,0.8524,0.1140,0.50944339,[1, 1, 1, 0, 1, 1, 0, 1, 1, 0, 1, 0]
1,1,solve_opt_passive,0.9173,0.1077,0.8849,0.1453,0.4817,0.2863,0.8518,0.3249,0.3730,0.2915,0.7887,0.0973,0.20472951,[1, 1, 0, 0, 0, 0, 0, 0, 0, 0, 1, 0]
1,1,solve_opt_passive,0.9694,0.0406,0.9408,0.0726,0.5503,0.3589,0.8538,0.3256,0.4665,0.3554,0.8215,0.1185,0.34604760,[1, 1, 0, 0, 0, 0, 0, 0, 1, 0, 1, 1]
1,1,solve_opt_passive,0.9608,0.0559,0.9299,0.1030,0.5404,0.3542,0.8903,0.2535,0.4537,0.3506,0.8173,0.1171,0.45245051,[1, 1, 0, 0, 1, 1, 1, 1, 1, 1, 0, 0]
1,1,solve_opt_passive,0.9784,0.0295,0.9542,0.0663,0.5627,0.3459,0.8837,0.2963,0.4707,0.3354,0.8231,0.1120,0.49580697,[0, 1, 1, 0, 1, 0, 0, 0, 1, 1, 1, 1]
1,1,solve_opt_passive,0.9787,0.0256,0.9540,0.0633,0.4919,0.3394,0.8830,0.2919,0.4021,0.3437,0.8003,0.1147,0.51318176,[0, 1, 1, 0, 0, 1, 1, 0, 0, 1, 0, 1]
1,1,solve_opt_passive,0.9756,0.0314,0.9457,0.0677,0.5992,0.3448,0.9804,0.0189,0.5176,0.3556,0.8369,0.1170,0.39616112,[1, 0, 0, 0, 0, 0, 1, 1, 0, 0, 1, 0]
1,1,solve_opt_passive,0.9710,0.0413,0.9466,0.0775,0.5380,0.3487,0.8844,0.2872,0.4474,0.3398,0.8154,0.1134,0.51339173,[0, 1, 0, 0, 1, 0, 0, 1, 1, 1, 1, 1]
1,1,solve_opt_passive,0.9610,0.0414,0.9171,0.0791,0.3586,0.2996,0.8296,0.3315,0.2711,0.2949,0.7567,0.0983,0.28840817,[1, 1, 0, 1, 0, 1, 0, 0, 0, 0, 0, 0]
1,1,solve_opt_passive,0.9685,0.0423,0.9452,0.0756,0.6075,0.3577,0.9271,0.1804,0.5274,0.3576,0.8417,0.1193,0.42169441,[0, 0, 1, 1, 1, 0, 0, 0, 1, 0, 0, 1]
1,1,solve_opt_passive,0.9487,0.0792,0.9181,0.1293,0.6325,0.3304,0.8887,0.2887,0.5412,0.3292,0.8466,0.1098,0.43532518,[1, 0, 0, 0, 1, 1, 0, 1, 1, 1, 0, 1]
1,1,solve_opt_passive,0.9710,0.0415,0.9464,0.0778,0.5169,0.3471,0.8311,0.3323,0.4257,0.3363,0.8082,0.1122,0.56303504,[1, 1, 1, 1, 1, 1, 0, 1, 0, 1, 0, 0]
1,1,solve_opt_passive,0.9752,0.0382,0.9513,0.0775,0.5957,0.3678,0.9190,0.1444,0.5153,0.3509,0.8377,0.1171,0.33043549,[1, 0, 0, 0, 0, 0, 1, 0, 1, 1, 1, 0]
1,1,solve_opt_passive,0.9784,0.0295,0.9540,0.0666,0.5340,0.3445,0.8771,0.2858,0.4400,0.3286,0.8129,0.1097,0.54899539,[1, 1, 0, 0, 1, 1, 1, 0, 0, 1, 1, 1]
1,1,solve_opt_passive,0.9773,0.0315,0.9544,0.0671,0.5378,0.3431,0.8835,0.2962,0.4448,0.3345,0.8145,0.1117,0.60739188,[0, 0, 1, 1, 1, 1, 0, 0, 0, 1, 1, 1]
1,1,solve_proxy,0.9640,0.0549,0.9350,0.1059,0.4779,0.3391,0.7625,0.4054,0.3821,0.3120,0.7936,0.1042,0.54406964,[1. 1. 1. 0. 1. 1. 1. 0. 1. 1. 1. 0.]
1,1,solve_proxy,0.9684,0.0533,0.9409,0.0915,0.4266,0.3075,0.7673,0.3971,0.3275,0.2959,0.7754,0.0988,0.32440073,[1. 1. 1. 0. 1. 1. 0. 0. 0. 1. 0. 0.]
1,1,solve_proxy,0.9685,0.0533,0.9412,0.0914,0.4654,0.3158,0.7969,0.3589,0.3632,0.2987,0.7873,0.0997,0.27214874,[1. 0. 1. 0. 1. 1. 0. 0. 0. 1. 0. 0.]
1,1,solve_proxy,0.9732,0.0391,0.9455,0.0749,0.5116,0.3461,0.7754,0.3875,0.4204,0.3366,0.8064,0.1123,0.39171429,[1. 0. 1. 0. 1. 1. 0. 1. 0. 1. 0. 0.]
1,1,solve_proxy,0.9784,0.0295,0.9542,0.0663,0.5627,0.3459,0.8837,0.2963,0.4707,0.3354,0.8231,0.1120,0.49580697,[1. 0. 1. 0. 1. 1. 0. 1. 0. 1. 1. 0.]
1,1,solve_proxy,0.9784,0.0295,0.9542,0.0663,0.5627,0.3459,0.8837,0.2963,0.4707,0.3354,0.8231,0.1120,0.49580697,[1. 0. 1. 0. 1. 1. 0. 1. 0. 1. 1. 0.]
1,1,solve_proxy,0.9792,0.0282,0.9573,0.0600,0.5845,0.3688,0.9030,0.1996,0.5051,0.3589,0.8344,0.1198,0.44609477,[1. 0. 0. 0. 1. 0. 1. 1. 0. 1. 1. 0.]
1,1,solve_proxy,0.9792,0.0282,0.9573,0.0600,0.5845,0.3688,0.9030,0.1996,0.5051,0.3589,0.8344,0.1198,0.44609477,[1. 0. 0. 0. 1. 0. 1. 1. 0. 1. 1. 0.]
1,1,solve_proxy,0.9792,0.0282,0.9573,0.0600,0.5845,0.3688,0.9030,0.1996,0.5051,0.3589,0.8344,0.1198,0.44609477,[1. 0. 0. 0. 1. 0. 1. 1. 0. 1. 1. 0.]
1,1,solve_proxy,0.9792,0.0282,0.9573,0.0600,0.5845,0.3688,0.9030,0.1996,0.5051,0.3589,0.8344,0.1198,0.44609477,[1. 0. 0. 0. 1. 0. 1. 1. 0. 1. 1. 0.]
1,1,solve_proxy,0.9792,0.0282,0.9573,0.0600,0.5845,0.3688,0.9030,0.1996,0.5051,0.3589,0.8344,0.1198,0.44609477,[1. 0. 0. 0. 1. 0. 1. 1. 0. 1. 1. 0.]
1,1,solve_proxy,0.9792,0.0282,0.9573,0.0600,0.5845,0.3688,0.9030,0.1996,0.5051,0.3589,0.8344,0.1198,0.44609477,[1. 0. 0. 0. 1. 0. 1. 1. 0. 1. 1. 0.]
