1,1,solve_random,0.5327,0.2653,0.4461,0.1440,0.0003,0.0005,0.1875,0.3480,0.0001,0.0002,0.6666,0.0002,0.11189225,[0. 0. 0. 0. 0. 0. 0. 0. 0. 0. 0. 0. 0. 0. 0. 0. 0. 0. 0. 0. 0. 0. 0. 0.
 0. 0. 0. 0. 0. 0. 0. 0. 0. 0. 0. 0. 0. 0. 0. 0. 0. 0. 0. 0. 1. 0. 0. 0.
 0. 0. 0. 0. 0. 0. 0. 0. 0. 0. 0. 0.]
1,1,solve_random,0.8123,0.1771,0.7360,0.2314,0.4885,0.3224,0.7320,0.3247,0.4119,0.3250,0.7753,0.1220,0.12224922,[0. 0. 0. 0. 0. 0. 0. 0. 0. 0. 0. 0. 0. 0. 0. 0. 0. 0. 0. 0. 0. 0. 0. 0.
 0. 0. 0. 0. 0. 0. 0. 0. 0. 0. 0. 0. 0. 0. 0. 0. 0. 0. 0. 0. 1. 0. 0. 0.
 1. 0. 0. 0. 0. 0. 0. 0. 0. 0. 0. 0.]
1,1,solve_random,0.8681,0.1181,0.7881,0.1858,0.4937,0.3156,0.9244,0.0835,0.4049,0.3120,0.7929,0.0956,0.18931389,[0. 0. 0. 1. 0. 0. 0. 0. 0. 0. 0. 0. 0. 0. 0. 0. 0. 0. 0. 0. 0. 0. 0. 0.
 0. 0. 0. 0. 0. 0. 0. 0. 0. 0. 0. 0. 0. 0. 0. 0. 0. 0. 0. 0. 1. 0. 0. 0.
 1. 0. 0. 0. 0. 0. 0. 0. 0. 0. 0. 0.]
1,1,solve_greedy_accuracy,0.9814,0.0275,0.9622,0.0612,0.7949,0.3065,0.9316,0.1085,0.7575,0.3112,0.9093,0.1050,0.10205621,[0. 0. 0. 0. 0. 0. 1. 0. 0. 0. 0. 0. 0. 0. 0. 0. 0. 0. 0. 0. 0. 0. 0. 0.
 0. 0. 0. 0. 0. 0. 0. 0. 0. 0. 0. 0. 0. 0. 0. 0. 0. 0. 0. 0. 0. 0. 0. 0.
 0. 0. 0. 0. 0. 0. 0. 0. 0. 0. 0. 0.]
1,1,solve_greedy_accuracy,0.9817,0.0280,0.9612,0.0634,0.6390,0.3853,0.8681,0.2469,0.5845,0.3969,0.8571,0.1361,0.10752266,[0. 0. 0. 0. 0. 0. 1. 0. 0. 0. 0. 0. 0. 0. 0. 0. 0. 0. 0. 0. 0. 0. 0. 0.
 0. 0. 0. 0. 0. 0. 0. 0. 0. 0. 0. 0. 0. 0. 0. 0. 0. 0. 1. 0. 0. 0. 0. 0.
 0. 0. 0. 0. 0. 0. 0. 0. 0. 0. 0. 0.]
1,1,solve_greedy_accuracy,0.9812,0.0297,0.9578,0.0698,0.6617,0.3834,0.8736,0.2398,0.6119,0.3863,0.8645,0.1317,0.11709156,[0. 0. 0. 0. 0. 0. 1. 0. 0. 0. 0. 0. 0. 0. 0. 0. 0. 1. 0. 0. 0. 0. 0. 0.
 0. 0. 0. 0. 0. 0. 0. 0. 0. 0. 0. 0. 0. 0. 0. 0. 0. 0. 1. 0. 0. 0. 0. 0.
 0. 0. 0. 0. 0. 0. 0. 0. 0. 0. 0. 0.]
1,1,solve_greedy_accuracy,0.9803,0.0315,0.9555,0.0734,0.6626,0.3757,0.8680,0.2446,0.6126,0.3742,0.8624,0.1261,0.12340663,[0. 0. 0. 0. 0. 0. 1. 0. 0. 0. 0. 0. 0. 0. 0. 0. 0. 1. 0. 0. 0. 0. 0. 0.
 0. 0. 0. 0. 0. 0. 0. 0. 0. 0. 0. 0. 0. 0. 0. 0. 0. 1. 1. 0. 0. 0. 0. 0.
 0. 0. 0. 0. 0. 0. 0. 0. 0. 0. 0. 0.]
1,1,solve_greedy_accuracy,0.9806,0.0309,0.9568,0.0740,0.6460,0.3702,0.8732,0.2358,0.5870,0.3803,0.8562,0.1304,0.13447829,[0. 0. 0. 0. 0. 0. 1. 0. 0. 0. 0. 0. 0. 0. 0. 0. 0. 1. 0. 0. 0. 0. 0. 0.
 0. 0. 0. 0. 0. 0. 0. 1. 0. 0. 0. 0. 0. 0. 0. 0. 0. 1. 1. 0. 0. 0. 0. 0.
 0. 0. 0. 0. 0. 0. 0. 0. 0. 0. 0. 0.]
1,1,solve_greedy_accuracy,0.9801,0.0317,0.9546,0.0754,0.6064,0.3896,0.8644,0.2293,0.5488,0.3955,0.8445,0.1355,0.14771639,[0. 0. 0. 0. 0. 0. 1. 0. 0. 0. 0. 0. 0. 0. 0. 0. 0. 1. 0. 0. 0. 0. 0. 0.
 0. 0. 0. 0. 0. 0. 0. 1. 0. 0. 0. 0. 0. 0. 0. 0. 0. 1. 1. 0. 0. 0. 0. 0.
 0. 0. 0. 0. 0. 1. 0. 0. 0. 0. 0. 0.]
1,1,solve_greedy_accuracy,0.9800,0.0317,0.9545,0.0754,0.5299,0.3923,0.8947,0.1546,0.4665,0.3941,0.8185,0.1342,0.15048612,[0. 0. 0. 0. 0. 0. 1. 0. 0. 0. 0. 0. 0. 0. 0. 0. 0. 1. 0. 0. 0. 0. 0. 0.
 0. 0. 0. 0. 0. 1. 0. 1. 0. 0. 0. 0. 0. 0. 0. 0. 0. 1. 1. 0. 0. 0. 0. 0.
 0. 0. 0. 0. 0. 1. 0. 0. 0. 0. 0. 0.]
1,1,solve_greedy_accuracy,0.9796,0.0319,0.9535,0.0739,0.5482,0.3988,0.8657,0.2141,0.4897,0.4047,0.8264,0.1376,0.16831994,[0. 0. 0. 0. 0. 0. 1. 0. 0. 0. 0. 0. 0. 0. 0. 0. 0. 1. 0. 0. 0. 0. 0. 0.
 0. 0. 0. 0. 0. 1. 0. 1. 0. 0. 0. 0. 0. 0. 0. 0. 0. 1. 1. 0. 0. 0. 0. 0.
 0. 0. 0. 0. 0. 1. 0. 1. 0. 0. 0. 0.]
1,1,solve_greedy_accuracy,0.9795,0.0319,0.9527,0.0737,0.4938,0.4063,0.9074,0.1197,0.4373,0.4070,0.8111,0.1366,0.17942000,[0. 0. 0. 0. 0. 0. 1. 0. 0. 0. 0. 0. 0. 0. 0. 0. 0. 1. 0. 0. 0. 0. 0. 0.
 0. 0. 0. 0. 0. 1. 0. 1. 0. 0. 0. 0. 0. 0. 0. 0. 0. 1. 1. 1. 0. 0. 0. 0.
 0. 0. 0. 0. 0. 1. 0. 1. 0. 0. 0. 0.]
1,1,solve_greedy_accuracy,0.9811,0.0276,0.9552,0.0661,0.5418,0.3983,0.9103,0.1122,0.4819,0.4007,0.8241,0.1359,0.19980348,[0. 0. 0. 0. 0. 0. 1. 0. 0. 0. 0. 0. 0. 0. 0. 0. 0. 1. 0. 0. 0. 0. 0. 0.
 0. 0. 0. 0. 0. 1. 1. 1. 0. 0. 0. 0. 0. 0. 0. 0. 0. 1. 1. 1. 0. 0. 0. 0.
 0. 0. 0. 0. 0. 1. 0. 1. 0. 0. 0. 0.]
1,1,solve_greedy_latency,0.9725,0.0359,0.9391,0.0830,0.6090,0.3178,0.8777,0.2086,0.5384,0.3459,0.8320,0.1077,0.06120393,[0. 0. 0. 0. 0. 0. 0. 0. 0. 0. 0. 0. 0. 0. 0. 0. 0. 0. 0. 0. 0. 0. 0. 0.
 0. 0. 0. 0. 0. 0. 0. 0. 0. 0. 0. 0. 0. 0. 0. 0. 0. 1. 0. 0. 0. 0. 0. 0.
 0. 0. 0. 0. 0. 0. 0. 0. 0. 0. 0. 0.]
1,1,solve_greedy_latency,0.9726,0.0436,0.9296,0.1144,0.5274,0.2901,0.8870,0.1672,0.4160,0.2707,0.7978,0.0958,0.17374720,[0. 0. 0. 0. 0. 0. 0. 0. 0. 0. 0. 0. 0. 0. 0. 0. 0. 0. 0. 0. 0. 0. 0. 0.
 0. 0. 0. 0. 0. 0. 0. 0. 0. 0. 0. 0. 0. 0. 0. 0. 0. 1. 0. 0. 0. 0. 0. 0.
 0. 1. 0. 0. 0. 0. 0. 0. 0. 0. 0. 0.]
1,1,solve_greedy_latency,0.9725,0.0437,0.9292,0.1148,0.3862,0.2636,0.8554,0.2122,0.2788,0.2306,0.7531,0.0820,0.08067015,[0. 0. 0. 0. 0. 0. 0. 0. 0. 0. 0. 0. 0. 0. 0. 0. 0. 0. 0. 0. 0. 0. 0. 0.
 0. 0. 0. 0. 0. 0. 0. 0. 0. 1. 0. 0. 0. 0. 0. 0. 0. 1. 0. 0. 0. 0. 0. 0.
 0. 1. 0. 0. 0. 0. 0. 0. 0. 0. 0. 0.]
1,1,solve_greedy_latency,0.9720,0.0438,0.9286,0.1155,0.4117,0.3141,0.8427,0.2504,0.3140,0.2779,0.7701,0.0928,0.09689462,[0. 0. 0. 0. 0. 0. 0. 0. 0. 0. 0. 0. 0. 0. 0. 0. 0. 0. 0. 0. 0. 0. 0. 0.
 0. 0. 0. 0. 0. 0. 0. 0. 0. 1. 0. 0. 0. 1. 0. 0. 0. 1. 0. 0. 0. 0. 0. 0.
 0. 1. 0. 0. 0. 0. 0. 0. 0. 0. 0. 0.]
1,1,solve_greedy_latency,0.9723,0.0448,0.9304,0.1131,0.3662,0.3326,0.8560,0.1916,0.2868,0.3115,0.7614,0.1039,0.10984128,[0. 0. 0. 0. 0. 0. 0. 0. 0. 0. 0. 0. 0. 0. 0. 0. 0. 0. 0. 0. 0. 0. 0. 0.
 0. 0. 0. 0. 0. 0. 0. 0. 0. 1. 0. 0. 0. 1. 0. 0. 0. 1. 0. 0. 0. 0. 0. 0.
 0. 1. 0. 0. 0. 1. 0. 0. 0. 0. 0. 0.]
1,1,solve_greedy_latency,0.9723,0.0448,0.9304,0.1131,0.1772,0.2529,0.7587,0.2925,0.1238,0.1915,0.7075,0.0638,0.12940879,[0. 0. 0. 0. 0. 0. 0. 0. 0. 0. 0. 0. 0. 0. 0. 0. 0. 0. 0. 0. 0. 0. 0. 0.
 0. 0. 0. 0. 0. 1. 0. 0. 0. 1. 0. 0. 0. 1. 0. 0. 0. 1. 0. 0. 0. 0. 0. 0.
 0. 1. 0. 0. 0. 1. 0. 0. 0. 0. 0. 0.]
1,1,solve_greedy_latency,0.9715,0.0435,0.9294,0.1104,0.2323,0.3655,0.7666,0.2393,0.2015,0.3403,0.7334,0.1134,0.10810608,[0. 0. 0. 0. 0. 0. 0. 0. 0. 0. 0. 0. 0. 0. 0. 0. 0. 0. 0. 0. 0. 1. 0. 0.
 0. 0. 0. 0. 0. 1. 0. 0. 0. 1. 0. 0. 0. 1. 0. 0. 0. 1. 0. 0. 0. 0. 0. 0.
 0. 1. 0. 0. 0. 1. 0. 0. 0. 0. 0. 0.]
1,1,solve_greedy_latency,0.9752,0.0397,0.9356,0.1076,0.3248,0.3916,0.8242,0.2223,0.2846,0.3898,0.7611,0.1299,0.15864481,[0. 0. 0. 0. 0. 0. 0. 0. 0. 0. 0. 0. 0. 0. 0. 0. 0. 1. 0. 0. 0. 1. 0. 0.
 0. 0. 0. 0. 0. 1. 0. 0. 0. 1. 0. 0. 0. 1. 0. 0. 0. 1. 0. 0. 0. 0. 0. 0.
 0. 1. 0. 0. 0. 1. 0. 0. 0. 0. 0. 0.]
1,1,solve_greedy_latency,0.9752,0.0398,0.9348,0.1074,0.3194,0.3920,0.8087,0.2336,0.2806,0.3897,0.7597,0.1299,0.19084196,[0. 0. 0. 0. 0. 0. 0. 0. 0. 0. 0. 0. 0. 0. 0. 0. 0. 1. 0. 0. 0. 1. 0. 0.
 0. 0. 0. 0. 0. 1. 0. 0. 0. 1. 0. 0. 0. 1. 0. 0. 0. 1. 0. 0. 0. 1. 0. 0.
 0. 1. 0. 0. 0. 1. 0. 0. 0. 0. 0. 0.]
1,1,solve_opt_passive,0.8681,0.1181,0.7881,0.1858,0.4937,0.3156,0.9244,0.0835,0.4049,0.3120,0.7929,0.0956,0.18931389,[0. 0. 0. 1. 0. 0. 0. 0. 0. 0. 0. 0. 0. 0. 0. 0. 0. 0. 0. 0. 0. 0. 0. 0.
 0. 0. 0. 0. 0. 0. 0. 0. 0. 0. 0. 0. 0. 0. 0. 0. 0. 0. 0. 0. 1. 0. 0. 0.
 1. 0. 0. 0. 0. 0. 0. 0. 0. 0. 0. 0.]
1,1,solve_opt_passive,0.9811,0.0276,0.9552,0.0661,0.5418,0.3983,0.9103,0.1122,0.4819,0.4007,0.8241,0.1359,0.19980348,[0. 0. 0. 0. 0. 0. 1. 0. 0. 0. 0. 0. 0. 0. 0. 0. 0. 1. 0. 0. 0. 0. 0. 0.
 0. 0. 0. 0. 0. 1. 1. 1. 0. 0. 0. 0. 0. 0. 0. 0. 0. 1. 1. 1. 0. 0. 0. 0.
 0. 0. 0. 0. 0. 1. 0. 1. 0. 0. 0. 0.]
1,1,solve_opt_passive,0.9752,0.0398,0.9348,0.1074,0.3194,0.3920,0.8087,0.2336,0.2806,0.3897,0.7597,0.1299,0.19084196,[0. 0. 0. 0. 0. 0. 0. 0. 0. 0. 0. 0. 0. 0. 0. 0. 0. 1. 0. 0. 0. 1. 0. 0.
 0. 0. 0. 0. 0. 1. 0. 0. 0. 1. 0. 0. 0. 1. 0. 0. 0. 1. 0. 0. 0. 1. 0. 0.
 0. 1. 0. 0. 0. 1. 0. 0. 0. 0. 0. 0.]
1,1,solve_opt_passive,0.9626,0.0554,0.9326,0.1012,0.3523,0.3237,0.8577,0.3267,0.2724,0.3060,0.7572,0.1020,1000000.00000000,[1, 0, 0, 1, 0, 0, 0, 0, 0, 1, 0, 1, 1, 0, 0, 1, 1, 1, 1, 0, 1, 0, 1, 0, 1, 1, 0, 1, 1, 0, 0, 1, 0, 1, 1, 1, 1, 1, 0, 1, 0, 1, 1, 1, 1, 0, 1, 0, 0, 1, 1, 0, 1, 0, 1, 0, 0, 0, 0, 0]
1,1,solve_opt_passive,0.9742,0.0338,0.9459,0.0719,0.4460,0.3717,0.8209,0.3230,0.3678,0.3430,0.7889,0.1144,1000000.00000000,[1, 1, 0, 0, 0, 1, 1, 0, 1, 0, 0, 1, 0, 1, 1, 1, 1, 1, 1, 0, 1, 1, 0, 0, 1, 0, 0, 1, 1, 0, 1, 0, 0, 1, 0, 0, 0, 1, 1, 0, 1, 0, 0, 0, 0, 0, 1, 0, 1, 0, 1, 1, 1, 1, 1, 0, 1, 1, 1, 1]
1,1,solve_opt_passive,0.9596,0.0593,0.9285,0.0960,0.1845,0.2672,0.6739,0.4344,0.1345,0.2248,0.7114,0.0749,1000000.00000000,[0, 1, 1, 0, 0, 1, 0, 0, 0, 0, 1, 1, 0, 0, 1, 0, 1, 1, 1, 1, 0, 0, 0, 1, 0, 1, 1, 1, 0, 1, 0, 0, 1, 0, 1, 1, 0, 0, 1, 0, 1, 0, 1, 0, 1, 0, 1, 0, 0, 0, 1, 0, 1, 0, 1, 0, 0, 0, 0, 0]
1,1,solve_opt_passive,0.9539,0.0689,0.9259,0.1119,0.2773,0.3270,0.7275,0.4224,0.2194,0.3140,0.7397,0.1047,1000000.00000000,[1, 0, 0, 1, 0, 0, 0, 1, 0, 0, 1, 0, 1, 0, 0, 1, 1, 0, 0, 0, 1, 1, 0, 0, 0, 0, 0, 1, 0, 1, 0, 0, 0, 1, 1, 1, 0, 0, 1, 1, 1, 1, 0, 0, 0, 1, 1, 0, 1, 0, 0, 1, 0, 1, 1, 1, 1, 0, 0, 0]
1,1,solve_opt_passive,0.9669,0.0471,0.9389,0.0857,0.4386,0.4003,0.7473,0.3517,0.3759,0.3738,0.7916,0.1246,1000000.00000000,[1, 1, 1, 0, 1, 1, 1, 1, 0, 0, 1, 1, 0, 0, 0, 1, 1, 0, 1, 1, 1, 1, 1, 0, 0, 0, 1, 0, 1, 0, 1, 1, 0, 0, 0, 1, 0, 0, 1, 1, 1, 1, 0, 1, 0, 0, 0, 0, 1, 1, 1, 0, 1, 0, 0, 1, 1, 1, 1, 1]
1,1,solve_opt_passive,0.9682,0.0442,0.9422,0.0801,0.3749,0.3496,0.8423,0.3286,0.2997,0.3272,0.7664,0.1091,1000000.00000000,[1, 0, 0, 1, 1, 1, 1, 1, 1, 1, 1, 1, 1, 0, 0, 0, 0, 1, 1, 1, 0, 1, 1, 1, 1, 1, 1, 1, 0, 0, 0, 0, 1, 1, 0, 1, 0, 0, 1, 0, 1, 0, 1, 0, 0, 0, 0, 1, 1, 1, 0, 1, 0, 1, 0, 0, 0, 0, 1, 1]
1,1,solve_opt_passive,0.9624,0.0541,0.9306,0.1031,0.2740,0.3319,0.8434,0.3252,0.2181,0.3147,0.7392,0.1049,1000000.00000000,[1, 0, 1, 0, 0, 1, 1, 1, 0, 1, 1, 0, 1, 0, 1, 1, 0, 0, 1, 1, 0, 1, 1, 1, 1, 1, 1, 0, 0, 1, 0, 1, 0, 0, 1, 1, 1, 1, 1, 0, 1, 1, 1, 0, 0, 1, 1, 0, 1, 1, 1, 0, 0, 0, 1, 0, 0, 0, 0, 0]
1,1,solve_opt_passive,0.9719,0.0455,0.9427,0.0893,0.3259,0.3259,0.7393,0.3593,0.2542,0.3119,0.7511,0.1040,1000000.00000000,[0, 1, 1, 1, 0, 0, 1, 1, 1, 0, 1, 0, 1, 0, 1, 1, 1, 0, 1, 0, 0, 1, 0, 1, 0, 0, 1, 0, 0, 0, 0, 0, 0, 0, 0, 0, 1, 0, 1, 1, 0, 1, 1, 1, 0, 0, 1, 1, 1, 1, 0, 1, 0, 1, 0, 0, 0, 0, 1, 1]
1,1,solve_opt_passive,0.9798,0.0260,0.9569,0.0559,0.3117,0.3273,0.7719,0.3912,0.2431,0.3089,0.7475,0.1030,1000000.00000000,[1, 1, 1, 0, 1, 0, 1, 0, 1, 0, 1, 1, 0, 0, 0, 1, 1, 1, 0, 0, 1, 0, 0, 1, 0, 0, 0, 1, 0, 1, 0, 1, 0, 1, 1, 0, 0, 1, 0, 1, 0, 1, 0, 0, 0, 0, 1, 1, 0, 1, 0, 1, 1, 0, 1, 0, 0, 0, 0, 0]
1,1,solve_opt_passive,0.9658,0.0531,0.9369,0.0948,0.3910,0.3632,0.7837,0.3388,0.3185,0.3396,0.7724,0.1132,1000000.00000000,[1, 1, 0, 0, 0, 0, 1, 1, 0, 0, 1, 0, 1, 1, 1, 1, 1, 1, 1, 1, 1, 1, 1, 0, 0, 1, 1, 1, 1, 0, 0, 1, 0, 0, 1, 0, 1, 0, 1, 0, 0, 1, 0, 0, 0, 0, 0, 1, 0, 1, 0, 0, 1, 1, 1, 1, 0, 0, 1, 0]
1,1,solve_opt_passive,0.9758,0.0300,0.9472,0.0735,0.4281,0.3452,0.8342,0.3225,0.3405,0.3161,0.7796,0.1054,1000000.00000000,[1, 1, 1, 1, 0, 0, 1, 0, 0, 1, 1, 1, 0, 0, 0, 1, 1, 0, 1, 0, 0, 0, 1, 1, 0, 1, 0, 1, 0, 0, 1, 0, 0, 0, 0, 0, 1, 1, 1, 1, 1, 1, 1, 1, 0, 0, 0, 0, 1, 1, 1, 1, 0, 1, 0, 0, 1, 1, 1, 0]
1,1,solve_opt_passive,0.9727,0.0379,0.9482,0.0705,0.4891,0.3902,0.8463,0.2520,0.4184,0.3701,0.8057,0.1234,1000000.00000000,[1, 1, 1, 0, 1, 1, 1, 1, 1, 0, 0, 1, 0, 0, 0, 1, 0, 1, 0, 1, 0, 1, 1, 0, 1, 0, 0, 0, 1, 0, 1, 0, 1, 1, 0, 1, 1, 0, 1, 1, 1, 1, 1, 0, 0, 1, 1, 1, 1, 0, 1, 0, 0, 1, 0, 1, 0, 1, 1, 0]
1,1,solve_opt_passive,0.9689,0.0415,0.9357,0.0882,0.4907,0.3339,0.9120,0.1645,0.3930,0.3116,0.7971,0.1039,1000000.00000000,[1, 1, 0, 1, 0, 0, 0, 0, 1, 0, 0, 1, 0, 0, 0, 1, 0, 1, 0, 0, 0, 0, 1, 1, 1, 0, 0, 1, 1, 0, 1, 1, 0, 1, 1, 0, 1, 0, 1, 1, 0, 0, 0, 0, 1, 1, 0, 0, 1, 1, 0, 0, 0, 1, 0, 1, 0, 0, 1, 0]
1,1,solve_opt_passive,0.9641,0.0535,0.9388,0.0914,0.2799,0.3301,0.6835,0.4256,0.2218,0.3137,0.7405,0.1046,1000000.00000000,[0, 0, 1, 1, 0, 0, 0, 1, 0, 0, 1, 0, 1, 0, 0, 1, 1, 0, 0, 1, 1, 1, 0, 0, 0, 0, 0, 1, 0, 0, 0, 0, 0, 1, 1, 1, 1, 1, 0, 0, 1, 1, 1, 1, 1, 1, 1, 1, 0, 0, 0, 1, 1, 1, 1, 0, 0, 1, 0, 1]
1,1,solve_opt_passive,0.9657,0.0501,0.9415,0.0773,0.2646,0.3279,0.7639,0.3874,0.2112,0.3158,0.7368,0.1053,1000000.00000000,[1, 1, 1, 1, 0, 0, 0, 0, 1, 0, 0, 0, 0, 1, 1, 1, 1, 1, 0, 1, 0, 0, 1, 1, 1, 1, 1, 0, 0, 1, 0, 0, 1, 1, 1, 0, 0, 1, 1, 0, 0, 0, 1, 1, 0, 1, 0, 1, 0, 1, 1, 1, 1, 0, 0, 0, 1, 1, 1, 1]
1,1,solve_opt_passive,0.9514,0.0727,0.9271,0.1030,0.3282,0.3286,0.8041,0.3538,0.2564,0.3125,0.7519,0.1042,0.55664438,[0, 0, 0, 0, 0, 0, 1, 1, 0, 1, 0, 0, 1, 0, 1, 0, 0, 0, 0, 1, 0, 0, 1, 1, 0, 0, 1, 0, 1, 0, 1, 0, 1, 1, 1, 0, 1, 0, 1, 1, 0, 0, 0, 1, 1, 0, 0, 0, 0, 0, 0, 1, 0, 0, 0, 0, 1, 0, 0, 0]
1,1,solve_opt_passive,0.9578,0.0602,0.9318,0.0914,0.3953,0.3468,0.8310,0.3221,0.3151,0.3241,0.7713,0.1080,0.81517225,[1, 1, 0, 1, 0, 0, 0, 1, 0, 0, 0, 1, 1, 1, 0, 0, 1, 0, 1, 1, 0, 0, 0, 0, 0, 0, 0, 0, 1, 0, 1, 0, 1, 0, 0, 0, 1, 0, 1, 1, 0, 0, 0, 1, 0, 1, 1, 1, 0, 1, 0, 0, 0, 0, 0, 1, 0, 0, 0, 1]
1,1,solve_opt_passive,0.9675,0.0482,0.9446,0.0779,0.3367,0.3202,0.7171,0.4217,0.2595,0.3044,0.7530,0.1015,1000000.00000000,[1, 0, 1, 0, 1, 0, 1, 1, 0, 1, 0, 1, 0, 0, 1, 0, 0, 0, 1, 0, 1, 0, 0, 0, 1, 0, 0, 1, 1, 1, 0, 1, 0, 1, 1, 1, 1, 1, 0, 0, 1, 0, 1, 0, 0, 1, 1, 0, 0, 0, 1, 1, 0, 0, 0, 0, 0, 0, 1, 1]
1,1,solve_opt_passive,0.9698,0.0413,0.9505,0.0635,0.2701,0.3255,0.7756,0.3810,0.2143,0.3145,0.7378,0.1049,1000000.00000000,[1, 1, 1, 1, 1, 1, 0, 0, 0, 0, 0, 0, 0, 1, 0, 1, 0, 1, 0, 1, 1, 0, 1, 1, 0, 1, 0, 0, 0, 1, 1, 0, 0, 1, 0, 0, 1, 0, 1, 1, 0, 0, 1, 1, 1, 0, 0, 1, 0, 0, 1, 1, 0, 0, 0, 0, 1, 1, 1, 1]
1,1,solve_opt_passive,0.9500,0.0845,0.9083,0.1522,0.2544,0.3216,0.8561,0.2362,0.2021,0.3106,0.7338,0.1036,1000000.00000000,[0, 0, 1, 0, 0, 1, 0, 0, 0, 1, 0, 1, 1, 0, 1, 1, 0, 0, 0, 0, 0, 1, 1, 1, 0, 1, 1, 0, 1, 0, 0, 0, 0, 1, 1, 1, 1, 1, 0, 1, 0, 1, 1, 1, 1, 1, 0, 0, 1, 1, 0, 0, 1, 1, 1, 1, 0, 0, 0, 0]
1,1,solve_opt_passive,0.9589,0.0585,0.9246,0.1071,0.3753,0.3360,0.9124,0.1671,0.2947,0.3150,0.7646,0.1050,1000000.00000000,[0, 0, 1, 1, 0, 0, 0, 0, 1, 1, 0, 0, 1, 0, 1, 1, 0, 0, 1, 1, 0, 1, 0, 0, 1, 1, 0, 0, 1, 0, 0, 0, 1, 1, 1, 0, 1, 1, 0, 0, 1, 1, 1, 1, 0, 1, 1, 0, 0, 1, 1, 1, 1, 1, 0, 0, 1, 0, 1, 0]
1,1,solve_opt_passive,0.9701,0.0438,0.9430,0.0815,0.3995,0.3576,0.8424,0.3286,0.3234,0.3361,0.7742,0.1120,1000000.00000000,[1, 1, 0, 1, 1, 1, 1, 1, 1, 0, 0, 1, 1, 0, 0, 0, 0, 1, 1, 0, 0, 0, 0, 1, 0, 0, 0, 1, 1, 1, 0, 1, 1, 0, 1, 0, 1, 1, 0, 0, 1, 1, 0, 1, 0, 0, 0, 1, 1, 1, 1, 1, 0, 1, 0, 0, 1, 0, 1, 0]
1,1,solve_opt_passive,0.9670,0.0435,0.9436,0.0737,0.3946,0.4063,0.7646,0.3958,0.3421,0.3841,0.7804,0.1280,1000000.00000000,[0, 0, 1, 1, 1, 1, 0, 1, 1, 0, 0, 1, 0, 1, 0, 1, 0, 1, 0, 1, 1, 1, 1, 1, 1, 0, 1, 0, 1, 0, 1, 0, 1, 0, 1, 0, 0, 0, 1, 0, 1, 1, 1, 1, 0, 1, 0, 1, 0, 1, 1, 0, 1, 1, 1, 1, 1, 1, 1, 1]
1,1,solve_opt_passive,0.9578,0.0568,0.9312,0.0892,0.4128,0.3741,0.9333,0.1159,0.3413,0.3492,0.7800,0.1164,1000000.00000000,[0, 1, 0, 1, 0, 0, 0, 1, 1, 0, 1, 1, 0, 1, 0, 0, 1, 0, 1, 1, 1, 1, 0, 1, 1, 1, 0, 0, 1, 1, 1, 1, 1, 0, 1, 0, 0, 1, 0, 1, 0, 0, 1, 0, 1, 1, 1, 1, 1, 1, 0, 0, 1, 0, 0, 1, 0, 1, 1, 0]
1,1,solve_opt_passive,0.9612,0.0609,0.9415,0.0804,0.2681,0.3229,0.7018,0.4186,0.2119,0.3124,0.7371,0.1041,1000000.00000000,[1, 1, 1, 1, 0, 1, 0, 1, 0, 0, 1, 0, 1, 1, 0, 0, 0, 0, 1, 0, 1, 0, 0, 1, 0, 1, 0, 0, 1, 1, 1, 1, 1, 1, 1, 0, 1, 0, 0, 1, 0, 0, 1, 0, 1, 0, 0, 1, 0, 0, 1, 1, 0, 0, 1, 0, 1, 1, 0, 1]
1,1,solve_opt_passive,0.9613,0.0612,0.9473,0.0775,0.4431,0.3448,0.8701,0.3290,0.3553,0.3246,0.7848,0.1082,1000000.00000000,[1, 0, 1, 0, 0, 0, 1, 0, 0, 0, 0, 1, 1, 0, 1, 1, 1, 0, 1, 1, 1, 1, 1, 0, 1, 1, 0, 0, 0, 0, 1, 1, 1, 1, 1, 0, 1, 0, 0, 0, 1, 1, 0, 0, 0, 0, 0, 0, 1, 0, 0, 0, 0, 0, 1, 0, 1, 0, 0, 1]
1,1,solve_opt_passive,0.9734,0.0393,0.9468,0.0788,0.4551,0.3637,0.8011,0.3429,0.3709,0.3299,0.7900,0.1099,1000000.00000000,[0, 1, 1, 1, 1, 1, 1, 0, 1, 0, 0, 1, 1, 1, 0, 1, 1, 0, 1, 0, 1, 0, 1, 0, 1, 1, 0, 1, 1, 0, 0, 1, 0, 1, 1, 0, 0, 1, 0, 1, 0, 1, 1, 1, 1, 1, 1, 1, 0, 0, 0, 1, 0, 0, 0, 0, 1, 1, 0, 1]
1,1,solve_opt_passive,0.9694,0.0422,0.9407,0.0861,0.3304,0.3311,0.7759,0.3396,0.2589,0.3141,0.7526,0.1048,1000000.00000000,[1, 1, 1, 1, 0, 1, 0, 1, 0, 0, 1, 0, 1, 0, 0, 1, 0, 1, 0, 1, 0, 0, 1, 1, 0, 1, 0, 0, 0, 1, 1, 1, 0, 0, 0, 1, 0, 1, 1, 1, 1, 1, 0, 0, 0, 0, 1, 1, 1, 0, 0, 1, 0, 0, 0, 1, 0, 1, 0, 1]
1,1,solve_opt_passive,0.9728,0.0374,0.9488,0.0700,0.4544,0.3626,0.8662,0.3280,0.3711,0.3340,0.7900,0.1113,1000000.00000000,[0, 0, 1, 1, 1, 0, 1, 0, 1, 0, 0, 0, 1, 0, 1, 0, 0, 0, 0, 1, 0, 0, 1, 0, 1, 1, 0, 0, 1, 1, 1, 1, 1, 1, 1, 1, 0, 1, 0, 0, 1, 1, 0, 0, 1, 1, 1, 1, 0, 0, 0, 0, 0, 0, 0, 1, 1, 1, 1, 0]
1,1,solve_opt_passive,0.9632,0.0515,0.9331,0.0934,0.3431,0.3615,0.8284,0.2136,0.2794,0.3366,0.7595,0.1122,1000000.00000000,[0, 1, 0, 0, 0, 0, 1, 1, 1, 1, 0, 1, 0, 1, 0, 1, 0, 0, 0, 0, 0, 0, 0, 0, 0, 1, 1, 1, 1, 1, 0, 1, 1, 0, 1, 1, 0, 1, 1, 0, 0, 0, 0, 1, 1, 1, 0, 1, 0, 1, 0, 1, 1, 0, 0, 0, 1, 1, 0, 0]
1,1,solve_opt_passive,0.9698,0.0391,0.9412,0.0789,0.3276,0.3569,0.7708,0.3906,0.2663,0.3349,0.7552,0.1116,1000000.00000000,[0, 0, 1, 0, 0, 1, 1, 0, 1, 0, 1, 1, 0, 1, 0, 0, 1, 1, 0, 1, 1, 1, 0, 1, 1, 0, 1, 0, 0, 0, 0, 1, 0, 0, 0, 1, 0, 0, 0, 0, 0, 0, 0, 0, 0, 0, 0, 0, 1, 1, 0, 1, 1, 1, 0, 1, 1, 0, 1, 1]
1,1,solve_opt_passive,0.9676,0.0449,0.9416,0.0800,0.3514,0.3348,0.7981,0.3415,0.2758,0.3148,0.7583,0.1050,1000000.00000000,[1, 1, 0, 1, 0, 1, 1, 1, 1, 1, 0, 0, 0, 1, 0, 1, 0, 0, 0, 1, 0, 1, 0, 1, 1, 1, 1, 1, 1, 1, 1, 1, 1, 0, 1, 0, 0, 1, 0, 1, 1, 0, 1, 0, 0, 0, 0, 1, 1, 1, 0, 1, 0, 0, 0, 0, 0, 0, 1, 1]
1,1,solve_opt_passive,0.9635,0.0524,0.9379,0.0896,0.4576,0.3843,0.8283,0.3310,0.3865,0.3643,0.7953,0.1215,1000000.00000000,[1, 0, 0, 1, 1, 1, 0, 1, 1, 0, 0, 1, 1, 0, 0, 0, 0, 1, 1, 1, 1, 1, 0, 0, 1, 0, 1, 1, 1, 1, 0, 1, 1, 1, 0, 1, 0, 0, 1, 0, 0, 1, 1, 0, 1, 0, 1, 1, 1, 0, 0, 0, 1, 0, 1, 1, 0, 1, 0, 1]
1,1,solve_opt_passive,0.9663,0.0500,0.9301,0.1023,0.2552,0.3271,0.7627,0.3869,0.2043,0.3150,0.7345,0.1050,1000000.00000000,[0, 1, 1, 0, 0, 1, 0, 1, 1, 1, 1, 1, 0, 0, 0, 1, 0, 0, 0, 1, 0, 0, 0, 1, 0, 1, 1, 0, 1, 0, 1, 0, 0, 1, 0, 1, 0, 1, 1, 1, 1, 1, 0, 0, 1, 0, 0, 1, 1, 1, 1, 0, 0, 1, 0, 0, 1, 0, 0, 1]
1,1,solve_opt_passive,0.9826,0.0248,0.9612,0.0545,0.4589,0.3954,0.8496,0.3273,0.3941,0.3802,0.7977,0.1267,1000000.00000000,[0, 0, 0, 1, 1, 0, 1, 0, 1, 0, 1, 0, 0, 1, 0, 0, 1, 1, 0, 0, 0, 1, 1, 0, 0, 0, 0, 1, 0, 0, 1, 1, 1, 1, 0, 0, 1, 1, 0, 0, 0, 1, 1, 1, 0, 0, 0, 1, 1, 0, 0, 1, 1, 1, 0, 0, 1, 0, 1, 0]
1,1,solve_opt_passive,0.9753,0.0372,0.9494,0.0736,0.2864,0.3403,0.8075,0.3455,0.2306,0.3246,0.7434,0.1081,1000000.00000000,[0, 0, 1, 0, 1, 0, 1, 1, 1, 1, 1, 0, 0, 1, 1, 1, 0, 1, 0, 1, 0, 1, 0, 0, 1, 1, 1, 1, 0, 0, 0, 0, 0, 0, 1, 0, 0, 0, 1, 0, 1, 0, 0, 1, 0, 0, 1, 1, 0, 0, 1, 1, 1, 1, 0, 0, 1, 0, 1, 1]
1,1,solve_opt_passive,0.9517,0.0729,0.9352,0.0867,0.3010,0.3500,0.7763,0.3637,0.2432,0.3265,0.7475,0.1088,1000000.00000000,[0, 1, 1, 0, 0, 1, 0, 0, 0, 0, 0, 0, 1, 0, 1, 1, 1, 0, 0, 1, 1, 1, 1, 0, 1, 0, 1, 0, 0, 1, 1, 1, 1, 0, 0, 0, 0, 0, 1, 0, 1, 0, 0, 1, 0, 0, 1, 0, 1, 0, 1, 0, 0, 1, 1, 0, 0, 0, 0, 0]
1,1,solve_opt_passive,0.9655,0.0486,0.9406,0.0792,0.3520,0.3655,0.8277,0.3308,0.2876,0.3391,0.7623,0.1130,1000000.00000000,[1, 1, 0, 1, 1, 0, 0, 0, 1, 0, 1, 1, 1, 1, 1, 1, 1, 1, 1, 0, 1, 1, 1, 1, 0, 0, 0, 0, 1, 1, 1, 0, 1, 0, 0, 1, 0, 0, 1, 1, 0, 0, 1, 0, 0, 0, 1, 0, 0, 0, 1, 0, 1, 0, 1, 1, 1, 1, 0, 1]
1,1,solve_opt_passive,0.9666,0.0444,0.9427,0.0756,0.3593,0.3655,0.7923,0.3640,0.2940,0.3414,0.7643,0.1138,1000000.00000000,[0, 1, 1, 0, 0, 0, 1, 1, 0, 1, 1, 0, 0, 0, 0, 1, 1, 0, 1, 1, 1, 1, 1, 1, 0, 1, 1, 1, 0, 1, 1, 1, 1, 1, 0, 1, 1, 0, 0, 1, 1, 1, 0, 1, 0, 1, 0, 0, 0, 1, 1, 1, 1, 1, 0, 1, 1, 1, 0, 1]
1,1,solve_opt_passive,0.9738,0.0371,0.9451,0.0771,0.4786,0.3778,0.8606,0.2107,0.3999,0.3479,0.7995,0.1160,1000000.00000000,[1, 1, 0, 1, 1, 0, 1, 0, 1, 1, 0, 0, 1, 1, 1, 1, 1, 0, 1, 0, 1, 1, 1, 0, 1, 1, 0, 0, 1, 1, 1, 1, 0, 0, 1, 0, 0, 0, 0, 0, 1, 1, 0, 1, 0, 0, 0, 0, 0, 1, 1, 1, 1, 1, 1, 1, 0, 1, 1, 0]
1,1,solve_opt_passive,0.9730,0.0388,0.9422,0.0823,0.3751,0.3310,0.8381,0.2147,0.2920,0.3080,0.7637,0.1027,1000000.00000000,[1, 0, 1, 0, 1, 0, 1, 0, 1, 1, 0, 0, 1, 1, 1, 0, 0, 0, 0, 0, 0, 1, 0, 1, 0, 0, 0, 1, 0, 1, 1, 0, 0, 0, 1, 1, 0, 0, 0, 1, 1, 0, 0, 0, 1, 1, 1, 0, 1, 0, 1, 0, 1, 1, 0, 1, 0, 1, 0, 0]
1,1,solve_opt_passive,0.9705,0.0394,0.9447,0.0725,0.2817,0.3343,0.7680,0.3892,0.2242,0.3149,0.7412,0.1050,1000000.00000000,[1, 1, 1, 0, 0, 1, 0, 1, 0, 0, 1, 0, 0, 0, 1, 0, 0, 1, 0, 1, 1, 0, 1, 1, 1, 1, 1, 0, 0, 0, 1, 1, 0, 1, 1, 1, 0, 1, 1, 1, 1, 1, 1, 1, 1, 0, 1, 1, 0, 0, 0, 1, 1, 1, 0, 0, 0, 1, 0, 1]
1,1,solve_opt_passive,0.9645,0.0458,0.9316,0.0912,0.5611,0.3616,0.8932,0.1814,0.4773,0.3508,0.8250,0.1170,0.86757249,[1, 0, 1, 0, 1, 0, 1, 0, 1, 0, 0, 1, 1, 0, 1, 0, 0, 0, 1, 0, 0, 1, 1, 0, 1, 1, 0, 1, 0, 0, 0, 0, 0, 0, 0, 0, 1, 0, 1, 0, 1, 0, 0, 0, 1, 0, 1, 0, 1, 1, 0, 1, 0, 0, 0, 0, 0, 0, 0, 0]
1,1,solve_opt_passive,0.9635,0.0533,0.9342,0.0961,0.2691,0.3270,0.8063,0.3449,0.2135,0.3133,0.7377,0.1044,1000000.00000000,[1, 1, 0, 1, 1, 1, 0, 1, 1, 1, 0, 0, 1, 0, 0, 1, 0, 0, 0, 1, 1, 0, 1, 1, 0, 0, 1, 0, 1, 1, 1, 0, 0, 0, 1, 1, 1, 1, 0, 0, 1, 1, 0, 0, 1, 1, 1, 1, 1, 0, 1, 1, 1, 1, 1, 0, 1, 1, 0, 0]
1,1,solve_opt_passive,0.9683,0.0460,0.9471,0.0734,0.4284,0.3600,0.9313,0.1634,0.3486,0.3366,0.7826,0.1122,1000000.00000000,[1, 0, 0, 1, 1, 0, 1, 1, 0, 1, 0, 1, 0, 0, 0, 1, 0, 1, 1, 1, 1, 0, 1, 0, 1, 0, 1, 1, 1, 1, 1, 1, 1, 1, 0, 1, 1, 1, 0, 0, 0, 0, 1, 1, 1, 0, 1, 1, 0, 1, 0, 1, 1, 0, 0, 1, 0, 1, 1, 0]
1,1,solve_opt_passive,0.9657,0.0515,0.9403,0.0811,0.3447,0.3734,0.6353,0.4574,0.2860,0.3494,0.7617,0.1164,1000000.00000000,[1, 0, 1, 0, 0, 1, 0, 0, 0, 1, 1, 0, 0, 0, 0, 0, 1, 1, 0, 1, 0, 0, 0, 1, 1, 1, 0, 0, 0, 1, 1, 1, 1, 0, 1, 0, 0, 1, 1, 1, 1, 1, 0, 0, 1, 1, 0, 1, 0, 0, 0, 0, 1, 0, 1, 1, 1, 1, 1, 1]
1,1,solve_opt_passive,0.9507,0.0721,0.9164,0.1256,0.3576,0.3606,0.9285,0.1626,0.2913,0.3398,0.7635,0.1132,1000000.00000000,[0, 0, 0, 1, 0, 1, 0, 0, 1, 0, 1, 1, 1, 0, 1, 1, 0, 0, 0, 1, 0, 1, 0, 0, 1, 1, 1, 0, 1, 0, 0, 1, 1, 1, 1, 0, 0, 1, 1, 0, 0, 0, 1, 1, 0, 1, 0, 1, 0, 1, 1, 0, 0, 0, 0, 1, 0, 1, 0, 0]
1,1,solve_opt_passive,0.9797,0.0294,0.9554,0.0637,0.3444,0.3256,0.8019,0.3558,0.2671,0.3082,0.7555,0.1028,1000000.00000000,[0, 1, 1, 1, 0, 0, 1, 1, 1, 0, 0, 1, 0, 1, 1, 1, 0, 0, 1, 1, 0, 1, 1, 1, 1, 0, 1, 1, 0, 1, 0, 1, 0, 1, 0, 1, 1, 0, 0, 0, 1, 1, 0, 0, 1, 0, 0, 0, 0, 0, 0, 0, 0, 1, 0, 0, 1, 1, 1, 1]
1,1,solve_opt_passive,0.9702,0.0453,0.9420,0.0904,0.3911,0.3488,0.8613,0.3272,0.3121,0.3249,0.7705,0.1083,1000000.00000000,[0, 0, 1, 1, 1, 0, 1, 1, 0, 0, 1, 0, 1, 1, 0, 1, 1, 1, 0, 0, 0, 1, 0, 1, 1, 1, 1, 0, 1, 1, 1, 1, 0, 1, 1, 1, 1, 1, 0, 0, 0, 1, 0, 1, 1, 1, 0, 1, 1, 0, 1, 1, 1, 1, 0, 0, 1, 1, 0, 0]
1,1,solve_opt_passive,0.9571,0.0644,0.9359,0.0856,0.2663,0.3298,0.6938,0.4176,0.2125,0.3153,0.7373,0.1051,1000000.00000000,[1, 0, 0, 1, 0, 0, 0, 0, 0, 0, 1, 1, 1, 0, 0, 1, 0, 1, 0, 1, 1, 1, 1, 1, 1, 0, 0, 0, 1, 0, 1, 0, 1, 1, 0, 1, 1, 1, 0, 1, 0, 1, 1, 1, 1, 1, 1, 0, 0, 1, 1, 1, 1, 0, 0, 0, 1, 0, 0, 1]
1,1,solve_opt_passive,0.9659,0.0468,0.9403,0.0817,0.3123,0.3458,0.7952,0.3580,0.2511,0.3274,0.7501,0.1091,1000000.00000000,[0, 0, 0, 1, 0, 1, 1, 0, 0, 0, 0, 0, 0, 1, 1, 1, 0, 0, 0, 1, 1, 0, 1, 1, 1, 0, 1, 0, 1, 1, 1, 0, 0, 0, 0, 0, 0, 1, 0, 1, 0, 0, 0, 0, 0, 1, 0, 1, 0, 0, 1, 1, 0, 1, 0, 1, 1, 1, 1, 0]
1,1,solve_opt_passive,0.9634,0.0539,0.9403,0.0832,0.4450,0.3607,0.8354,0.3257,0.3638,0.3394,0.7875,0.1132,1000000.00000000,[1, 1, 1, 1, 1, 1, 1, 0, 0, 0, 1, 0, 1, 1, 0, 1, 1, 0, 1, 0, 1, 1, 0, 1, 0, 1, 0, 0, 1, 0, 1, 1, 1, 0, 0, 1, 1, 1, 1, 1, 0, 1, 1, 0, 1, 1, 0, 1, 1, 1, 0, 0, 1, 1, 0, 0, 1, 0, 0, 1]
1,1,solve_opt_passive,0.9716,0.0388,0.9466,0.0724,0.4421,0.3537,0.8651,0.3277,0.3556,0.3223,0.7849,0.1074,1000000.00000000,[0, 0, 1, 1, 1, 0, 0, 1, 1, 0, 1, 1, 1, 1, 1, 0, 0, 1, 1, 0, 0, 0, 0, 1, 1, 1, 1, 1, 1, 0, 1, 1, 1, 1, 0, 0, 0, 0, 1, 1, 0, 0, 0, 0, 1, 1, 0, 1, 0, 0, 0, 1, 0, 1, 1, 1, 1, 0, 1, 1]
1,1,solve_opt_passive,0.9721,0.0473,0.9443,0.0951,0.4030,0.3359,0.8017,0.3430,0.3163,0.3109,0.7718,0.1037,1000000.00000000,[0, 0, 0, 1, 1, 0, 1, 1, 0, 1, 0, 0, 0, 1, 1, 1, 1, 0, 0, 1, 0, 0, 1, 1, 0, 1, 0, 1, 0, 0, 1, 0, 0, 1, 1, 1, 1, 0, 0, 0, 0, 0, 1, 0, 0, 1, 0, 1, 1, 1, 0, 1, 1, 1, 0, 0, 1, 1, 0, 0]
1,1,solve_opt_passive,0.9698,0.0465,0.9423,0.0890,0.4912,0.4034,0.8826,0.2011,0.4258,0.3790,0.8082,0.1263,1000000.00000000,[0, 0, 0, 1, 1, 0, 1, 0, 0, 1, 0, 0, 1, 0, 1, 0, 1, 1, 1, 0, 1, 1, 1, 0, 0, 1, 1, 0, 0, 0, 0, 1, 0, 0, 0, 0, 0, 1, 0, 1, 1, 0, 1, 0, 1, 0, 0, 0, 0, 0, 1, 1, 1, 1, 0, 0, 0, 0, 0, 1]
1,1,solve_opt_passive,0.9648,0.0486,0.9376,0.0858,0.3327,0.3319,0.7655,0.3419,0.2608,0.3142,0.7533,0.1048,1000000.00000000,[0, 1, 1, 1, 1, 0, 0, 1, 1, 0, 1, 1, 0, 1, 1, 1, 1, 1, 0, 0, 0, 0, 0, 0, 1, 0, 0, 0, 0, 0, 0, 0, 1, 0, 0, 0, 0, 1, 1, 1, 0, 0, 0, 0, 0, 0, 0, 1, 1, 1, 1, 0, 1, 1, 1, 1, 1, 0, 1, 1]
1,1,solve_opt_passive,0.9538,0.0753,0.9167,0.1363,0.4929,0.3510,0.8391,0.3271,0.4020,0.3269,0.8003,0.1090,1000000.00000000,[1, 1, 0, 0, 0, 1, 1, 1, 0, 0, 0, 0, 1, 0, 0, 1, 0, 0, 0, 0, 0, 0, 1, 1, 1, 1, 1, 1, 1, 0, 0, 0, 0, 0, 0, 0, 1, 0, 1, 0, 1, 0, 1, 0, 1, 0, 0, 0, 1, 0, 0, 1, 1, 1, 0, 1, 0, 1, 1, 1]
1,1,solve_opt_passive,0.9686,0.0456,0.9511,0.0687,0.3377,0.3512,0.8363,0.3293,0.2707,0.3261,0.7568,0.1087,1000000.00000000,[1, 0, 1, 0, 0, 1, 1, 1, 0, 0, 1, 1, 1, 0, 1, 1, 0, 1, 0, 1, 1, 0, 1, 0, 1, 0, 0, 1, 0, 1, 1, 1, 1, 0, 1, 1, 1, 0, 0, 1, 1, 1, 1, 1, 0, 0, 1, 1, 0, 0, 0, 1, 0, 1, 1, 1, 0, 1, 0, 0]
1,1,solve_opt_passive,0.9641,0.0496,0.9321,0.0949,0.4110,0.3625,0.9757,0.0466,0.3354,0.3418,0.7782,0.1139,1000000.00000000,[0, 0, 0, 1, 0, 1, 1, 1, 1, 1, 1, 0, 1, 0, 0, 0, 0, 0, 1, 1, 0, 0, 0, 0, 1, 0, 0, 0, 1, 0, 1, 0, 1, 0, 1, 0, 0, 1, 1, 0, 0, 0, 1, 1, 1, 1, 0, 1, 1, 0, 1, 0, 1, 0, 0, 0, 0, 0, 0, 1]
1,1,solve_opt_passive,0.9779,0.0363,0.9494,0.0810,0.6028,0.3978,0.9088,0.2178,0.5409,0.3849,0.8465,0.1283,1000000.00000000,[0, 0, 1, 1, 1, 1, 1, 0, 1, 0, 0, 1, 0, 0, 1, 0, 1, 1, 1, 1, 0, 0, 1, 0, 1, 0, 0, 1, 1, 0, 0, 0, 0, 1, 0, 0, 0, 1, 1, 0, 0, 1, 0, 0, 0, 1, 0, 0, 0, 1, 1, 0, 0, 0, 0, 0, 1, 1, 0, 1]
1,1,solve_opt_passive,0.9596,0.0559,0.9330,0.0928,0.3487,0.3762,0.8051,0.2369,0.2914,0.3562,0.7635,0.1187,1000000.00000000,[0, 1, 1, 0, 1, 1, 1, 1, 0, 1, 0, 0, 1, 0, 0, 0, 0, 0, 1, 0, 0, 1, 1, 1, 1, 1, 0, 0, 0, 0, 0, 0, 1, 1, 1, 0, 0, 1, 1, 1, 0, 1, 1, 1, 1, 0, 1, 1, 1, 1, 1, 0, 0, 0, 1, 1, 1, 1, 0, 0]
1,1,solve_opt_passive,0.9555,0.0684,0.9340,0.0924,0.3386,0.3413,0.7348,0.4252,0.2682,0.3198,0.7558,0.1066,1000000.00000000,[1, 0, 1, 0, 1, 1, 0, 0, 0, 0, 1, 0, 1, 0, 1, 1, 0, 1, 1, 0, 1, 1, 1, 1, 1, 0, 0, 1, 0, 0, 0, 1, 1, 0, 1, 0, 0, 0, 0, 1, 0, 0, 0, 0, 1, 1, 0, 1, 1, 1, 1, 1, 1, 0, 1, 1, 0, 0, 1, 0]
1,1,solve_opt_passive,0.9635,0.0504,0.9334,0.0934,0.2488,0.3278,0.8158,0.3341,0.2004,0.3168,0.7332,0.1056,1000000.00000000,[1, 1, 0, 1, 1, 0, 0, 1, 0, 0, 1, 1, 1, 1, 1, 0, 1, 0, 1, 0, 0, 0, 0, 1, 1, 1, 0, 0, 0, 1, 1, 0, 0, 0, 1, 1, 0, 0, 1, 1, 0, 1, 0, 0, 1, 0, 1, 1, 1, 1, 1, 0, 0, 0, 0, 1, 1, 0, 1, 0]
1,1,solve_opt_passive,0.9554,0.0696,0.9332,0.0931,0.3336,0.3570,0.7634,0.3952,0.2694,0.3289,0.7562,0.1097,1000000.00000000,[1, 0, 1, 0, 0, 0, 0, 1, 0, 1, 1, 0, 0, 1, 0, 1, 0, 0, 1, 1, 1, 0, 1, 0, 1, 0, 1, 0, 1, 0, 1, 1, 1, 0, 0, 1, 0, 0, 0, 1, 1, 1, 1, 0, 0, 1, 1, 1, 1, 1, 1, 1, 1, 1, 0, 1, 1, 0, 0, 1]
1,1,solve_opt_passive,0.9672,0.0468,0.9380,0.0908,0.4333,0.3743,0.7802,0.2907,0.3585,0.3483,0.7858,0.1160,1000000.00000000,[0, 0, 1, 0, 0, 1, 1, 1, 0, 0, 0, 0, 1, 1, 0, 0, 1, 0, 0, 0, 0, 1, 0, 0, 1, 1, 0, 0, 1, 0, 1, 0, 0, 1, 0, 1, 0, 0, 1, 1, 0, 1, 0, 0, 0, 1, 0, 1, 0, 1, 1, 1, 0, 1, 1, 0, 1, 1, 0, 1]
1,1,solve_opt_passive,0.9647,0.0582,0.9279,0.1127,0.3482,0.3543,0.7830,0.2770,0.2809,0.3319,0.7599,0.1106,1000000.00000000,[1, 0, 0, 1, 0, 0, 0, 0, 0, 0, 1, 0, 0, 1, 0, 1, 1, 1, 1, 1, 0, 1, 1, 0, 0, 1, 0, 0, 1, 1, 0, 0, 0, 1, 1, 0, 0, 0, 1, 1, 1, 1, 0, 0, 1, 1, 0, 0, 0, 1, 0, 0, 0, 0, 0, 1, 1, 1, 1, 1]
1,1,solve_opt_passive,0.9668,0.0448,0.9508,0.0673,0.5074,0.3788,0.9966,0.0063,0.4302,0.3596,0.8098,0.1198,1000000.00000000,[0, 0, 0, 0, 1, 1, 1, 1, 1, 0, 0, 0, 1, 0, 0, 1, 1, 0, 1, 0, 1, 1, 1, 0, 1, 0, 0, 1, 0, 0, 1, 1, 1, 1, 1, 0, 1, 0, 0, 0, 0, 0, 1, 0, 0, 1, 0, 1, 1, 1, 1, 0, 0, 0, 1, 0, 1, 0, 0, 0]
1,1,solve_opt_passive,0.9553,0.0661,0.9324,0.0974,0.2951,0.3477,0.8428,0.3231,0.2381,0.3249,0.7459,0.1083,1000000.00000000,[1, 0, 0, 0, 1, 0, 0, 1, 0, 1, 1, 1, 0, 1, 1, 1, 1, 1, 0, 1, 0, 1, 1, 1, 1, 1, 1, 1, 0, 0, 0, 1, 1, 1, 1, 1, 1, 0, 1, 0, 0, 0, 1, 1, 1, 0, 0, 1, 1, 0, 0, 0, 0, 0, 0, 1, 0, 0, 1, 0]
1,1,solve_opt_passive,0.9713,0.0389,0.9518,0.0632,0.3011,0.3350,0.6464,0.4528,0.2388,0.3185,0.7461,0.1062,1000000.00000000,[1, 0, 1, 0, 0, 0, 0, 1, 1, 1, 1, 1, 1, 0, 0, 0, 0, 0, 1, 0, 0, 0, 1, 1, 1, 1, 0, 1, 0, 1, 1, 0, 1, 0, 0, 1, 0, 0, 0, 1, 1, 1, 1, 1, 0, 0, 0, 0, 0, 0, 1, 1, 0, 1, 1, 0, 1, 1, 1, 1]
1,1,solve_opt_passive,0.9570,0.0779,0.9174,0.1425,0.2972,0.3205,0.7267,0.3703,0.2316,0.3097,0.7436,0.1033,0.68735631,[0, 0, 0, 1, 1, 0, 0, 0, 0, 1, 0, 1, 0, 0, 1, 1, 0, 0, 1, 1, 0, 1, 0, 1, 0, 0, 1, 0, 1, 0, 0, 0, 0, 0, 0, 0, 0, 0, 0, 1, 1, 0, 0, 1, 0, 0, 0, 0, 0, 0, 1, 1, 1, 0, 0, 0, 0, 0, 0, 1]
1,1,solve_opt_passive,0.9756,0.0339,0.9518,0.0649,0.3510,0.3338,0.7999,0.3571,0.2750,0.3137,0.7580,0.1046,1000000.00000000,[1, 1, 0, 1, 1, 1, 1, 1, 1, 0, 0, 0, 1, 0, 1, 1, 0, 0, 1, 1, 1, 0, 1, 1, 1, 1, 1, 1, 0, 1, 1, 0, 0, 0, 1, 0, 0, 0, 1, 1, 1, 1, 0, 0, 0, 1, 0, 1, 0, 1, 1, 1, 0, 0, 1, 1, 0, 0, 1, 1]
1,1,solve_opt_passive,0.9734,0.0376,0.9422,0.0825,0.3767,0.3688,0.7418,0.3548,0.3086,0.3421,0.7692,0.1140,1000000.00000000,[1, 1, 0, 1, 1, 1, 0, 0, 1, 1, 1, 0, 0, 1, 0, 1, 0, 1, 1, 1, 0, 1, 1, 1, 0, 1, 0, 1, 1, 0, 0, 1, 1, 1, 0, 0, 0, 1, 0, 0, 1, 1, 0, 1, 0, 1, 0, 0, 0, 0, 1, 1, 1, 1, 1, 0, 0, 1, 0, 1]
1,1,solve_opt_passive,0.9732,0.0351,0.9493,0.0651,0.4496,0.3781,0.8333,0.2180,0.3743,0.3506,0.7910,0.1169,1000000.00000000,[1, 1, 0, 1, 1, 1, 1, 1, 1, 0, 1, 1, 0, 1, 1, 0, 1, 1, 1, 1, 1, 0, 0, 0, 1, 1, 1, 0, 1, 0, 1, 1, 1, 1, 0, 1, 1, 1, 1, 1, 1, 1, 0, 0, 0, 0, 0, 1, 0, 1, 1, 0, 0, 0, 1, 1, 0, 1, 1, 1]
1,1,solve_opt_passive,0.9638,0.0529,0.9399,0.0850,0.4239,0.3879,0.8635,0.3270,0.3559,0.3572,0.7850,0.1191,1000000.00000000,[1, 0, 0, 0, 1, 1, 1, 1, 1, 0, 0, 0, 1, 1, 0, 1, 1, 1, 1, 1, 1, 0, 0, 1, 0, 1, 1, 1, 1, 1, 1, 1, 1, 0, 0, 0, 0, 1, 0, 0, 0, 0, 1, 1, 0, 1, 1, 0, 1, 0, 1, 0, 1, 0, 0, 0, 1, 0, 1, 1]
1,1,solve_opt_passive,0.9532,0.0654,0.9279,0.0959,0.3941,0.3106,0.8084,0.3459,0.3016,0.2982,0.7669,0.0995,1000000.00000000,[1, 1, 1, 1, 0, 0, 0, 1, 1, 1, 0, 1, 1, 0, 1, 1, 0, 1, 0, 1, 1, 0, 1, 0, 1, 1, 0, 1, 1, 0, 0, 1, 1, 1, 0, 1, 1, 0, 0, 0, 0, 0, 1, 1, 1, 0, 1, 0, 1, 1, 0, 1, 0, 0, 1, 0, 1, 1, 0, 1]
1,1,solve_opt_passive,0.9555,0.0699,0.9345,0.0970,0.5042,0.3285,0.8727,0.3299,0.4023,0.3033,0.8004,0.1011,1000000.00000000,[1, 0, 1, 1, 1, 0, 0, 1, 0, 1, 0, 0, 1, 1, 1, 0, 0, 1, 0, 0, 1, 0, 0, 0, 0, 0, 0, 1, 1, 0, 0, 1, 1, 0, 1, 1, 0, 1, 1, 0, 0, 0, 0, 0, 1, 0, 0, 1, 1, 0, 0, 0, 1, 0, 0, 0, 1, 0, 0, 0]
1,1,solve_opt_passive,0.9731,0.0331,0.9481,0.0662,0.2593,0.3349,0.7813,0.3532,0.2096,0.3204,0.7363,0.1068,1000000.00000000,[0, 1, 1, 1, 0, 1, 0, 0, 0, 0, 0, 0, 0, 0, 0, 1, 0, 1, 1, 0, 1, 1, 1, 1, 0, 0, 0, 0, 0, 0, 1, 0, 0, 1, 0, 1, 1, 1, 0, 0, 0, 0, 1, 0, 0, 0, 1, 1, 1, 0, 1, 1, 0, 1, 1, 1, 0, 0, 1, 0]
1,1,solve_opt_passive,0.9633,0.0531,0.9398,0.0799,0.4393,0.3527,0.8982,0.1703,0.3562,0.3350,0.7849,0.1117,1000000.00000000,[1, 1, 0, 0, 1, 0, 0, 1, 1, 0, 1, 1, 0, 1, 1, 0, 0, 1, 0, 0, 0, 0, 0, 0, 1, 1, 0, 0, 1, 0, 1, 0, 1, 0, 0, 0, 1, 0, 1, 0, 0, 0, 0, 1, 0, 0, 0, 1, 1, 0, 1, 0, 0, 0, 0, 1, 0, 1, 1, 1]
1,1,solve_opt_passive,0.9424,0.0874,0.9048,0.1456,0.2671,0.3350,0.7698,0.3554,0.2148,0.3194,0.7380,0.1065,1000000.00000000,[0, 1, 1, 0, 1, 0, 0, 1, 0, 1, 1, 1, 1, 1, 1, 0, 0, 0, 0, 1, 0, 1, 1, 1, 0, 1, 1, 0, 0, 0, 0, 1, 1, 0, 0, 1, 0, 0, 1, 1, 0, 0, 1, 0, 1, 1, 0, 1, 1, 0, 1, 0, 0, 1, 0, 1, 0, 1, 1, 0]
1,1,solve_opt_passive,0.9634,0.0550,0.9362,0.0946,0.3229,0.3648,0.7151,0.4178,0.2657,0.3413,0.7551,0.1138,1000000.00000000,[0, 0, 0, 1, 1, 0, 1, 1, 1, 0, 1, 1, 1, 0, 0, 0, 0, 1, 0, 1, 1, 0, 1, 0, 0, 0, 1, 1, 1, 1, 0, 1, 1, 0, 0, 1, 0, 0, 1, 0, 0, 1, 0, 1, 1, 1, 1, 1, 1, 1, 0, 1, 1, 0, 0, 1, 1, 0, 1, 1]
1,1,solve_opt_passive,0.9544,0.0772,0.9162,0.1383,0.4269,0.3543,0.7903,0.3299,0.3421,0.3207,0.7803,0.1069,0.66693346,[1, 1, 0, 1, 1, 0, 0, 0, 0, 0, 0, 0, 1, 0, 0, 0, 1, 0, 1, 0, 0, 1, 1, 0, 0, 0, 0, 1, 1, 0, 0, 0, 0, 1, 1, 0, 0, 0, 0, 1, 1, 0, 0, 1, 0, 0, 1, 0, 0, 1, 1, 0, 0, 0, 0, 0, 0, 1, 0, 0]
1,1,solve_opt_passive,0.9617,0.0657,0.9258,0.1233,0.4427,0.3495,0.8036,0.3437,0.3548,0.3202,0.7845,0.1067,1000000.00000000,[1, 0, 0, 1, 0, 0, 0, 1, 1, 0, 1, 0, 1, 0, 0, 1, 1, 1, 1, 1, 0, 1, 1, 1, 1, 0, 0, 1, 1, 0, 0, 0, 0, 0, 0, 1, 1, 1, 0, 1, 1, 1, 0, 0, 0, 1, 0, 1, 1, 1, 0, 0, 1, 1, 1, 1, 0, 0, 1, 0]
1,1,solve_opt_passive,0.9693,0.0424,0.9422,0.0811,0.5481,0.3516,0.9092,0.1675,0.4549,0.3235,0.8179,0.1079,1000000.00000000,[1, 0, 1, 1, 1, 1, 0, 0, 1, 0, 1, 0, 1, 0, 1, 1, 1, 1, 1, 0, 0, 1, 1, 0, 1, 1, 1, 1, 1, 0, 1, 0, 1, 0, 1, 0, 0, 0, 1, 0, 0, 0, 0, 0, 0, 1, 0, 0, 1, 0, 1, 0, 1, 0, 0, 1, 0, 0, 1, 0]
1,1,solve_opt_passive,0.9712,0.0454,0.9432,0.0843,0.4369,0.4004,0.7843,0.3738,0.3737,0.3709,0.7909,0.1236,1000000.00000000,[0, 0, 0, 0, 1, 1, 1, 1, 1, 1, 1, 0, 1, 1, 0, 1, 1, 0, 0, 1, 1, 0, 0, 0, 0, 0, 0, 0, 0, 0, 1, 1, 0, 1, 0, 0, 0, 1, 0, 0, 1, 1, 1, 1, 0, 1, 0, 0, 1, 1, 0, 1, 1, 0, 1, 1, 0, 0, 1, 1]
1,1,solve_opt_passive,0.9704,0.0513,0.9380,0.0989,0.4011,0.3489,0.8151,0.2357,0.3197,0.3220,0.7729,0.1073,1000000.00000000,[0, 1, 0, 1, 1, 0, 0, 1, 1, 1, 1, 0, 0, 1, 1, 0, 0, 1, 1, 0, 0, 0, 0, 0, 1, 1, 1, 1, 1, 0, 0, 0, 0, 1, 1, 0, 0, 1, 1, 0, 1, 1, 1, 1, 1, 0, 0, 1, 1, 0, 1, 0, 0, 0, 0, 1, 0, 0, 1, 0]
1,1,solve_opt_passive,0.9677,0.0474,0.9370,0.0941,0.3792,0.3434,0.7800,0.3395,0.3001,0.3188,0.7663,0.1063,1000000.00000000,[0, 1, 0, 1, 1, 1, 1, 0, 0, 0, 0, 0, 1, 1, 1, 1, 0, 1, 1, 0, 0, 0, 0, 1, 0, 1, 0, 1, 1, 0, 0, 1, 1, 0, 1, 1, 1, 1, 0, 0, 1, 1, 0, 0, 1, 1, 1, 0, 0, 1, 0, 1, 0, 1, 1, 1, 0, 1, 1, 1]
1,1,solve_opt_passive,0.9628,0.0546,0.9424,0.0796,0.4104,0.3879,0.8390,0.3292,0.3469,0.3683,0.7821,0.1227,1000000.00000000,[0, 0, 1, 0, 0, 1, 1, 1, 0, 1, 0, 1, 1, 0, 0, 1, 1, 1, 1, 0, 1, 1, 0, 0, 1, 0, 0, 0, 1, 1, 1, 0, 1, 0, 1, 1, 1, 0, 0, 1, 1, 1, 0, 0, 1, 1, 1, 1, 1, 0, 1, 0, 0, 1, 1, 1, 1, 1, 0, 0]
1,1,solve_opt_passive,0.9674,0.0440,0.9434,0.0738,0.3404,0.3647,0.6416,0.4566,0.2786,0.3396,0.7593,0.1132,1000000.00000000,[1, 0, 0, 1, 0, 0, 0, 0, 1, 1, 1, 1, 1, 0, 1, 0, 0, 1, 1, 1, 1, 1, 0, 0, 0, 1, 0, 1, 0, 1, 0, 1, 1, 0, 0, 1, 0, 0, 0, 0, 1, 0, 1, 0, 1, 0, 0, 1, 0, 0, 1, 1, 1, 1, 1, 1, 0, 0, 0, 0]
1,1,solve_opt_passive,0.9657,0.0418,0.9460,0.0656,0.1960,0.3275,0.5688,0.4623,0.1655,0.3169,0.7217,0.1056,1000000.00000000,[0, 0, 0, 1, 0, 1, 0, 1, 0, 0, 0, 1, 0, 0, 1, 0, 0, 0, 0, 0, 1, 0, 0, 0, 0, 1, 1, 1, 0, 1, 1, 0, 0, 1, 0, 1, 1, 1, 1, 0, 0, 0, 0, 1, 1, 1, 1, 1, 1, 0, 1, 1, 0, 0, 1, 0, 1, 0, 0, 0]
1,1,solve_opt_passive,0.9596,0.0524,0.9324,0.0886,0.3363,0.3846,0.6722,0.4190,0.2835,0.3558,0.7610,0.1186,1000000.00000000,[0, 0, 0, 0, 0, 0, 1, 1, 1, 0, 1, 0, 0, 0, 0, 1, 0, 0, 1, 0, 1, 0, 0, 0, 0, 0, 1, 0, 1, 1, 1, 1, 1, 1, 0, 1, 0, 0, 0, 1, 0, 0, 1, 1, 1, 0, 1, 1, 1, 0, 0, 1, 1, 0, 0, 1, 0, 0, 1, 1]
1,1,solve_opt_passive,0.9768,0.0291,0.9507,0.0657,0.2893,0.3517,0.6775,0.4219,0.2366,0.3330,0.7454,0.1110,1000000.00000000,[0, 0, 1, 1, 0, 1, 1, 0, 1, 1, 1, 0, 1, 1, 1, 1, 1, 1, 1, 1, 0, 1, 1, 1, 1, 1, 1, 0, 0, 0, 1, 0, 1, 1, 0, 1, 0, 0, 0, 0, 0, 0, 0, 1, 1, 0, 0, 1, 0, 0, 1, 0, 1, 1, 1, 1, 0, 0, 0, 1]
1,1,solve_opt_passive,0.9609,0.0588,0.9256,0.1125,0.3607,0.3273,0.7835,0.3395,0.2799,0.3073,0.7596,0.1025,1000000.00000000,[1, 1, 1, 0, 0, 0, 0, 1, 1, 0, 1, 0, 1, 1, 1, 1, 1, 0, 1, 1, 0, 0, 0, 1, 1, 0, 0, 1, 1, 1, 1, 1, 0, 0, 0, 1, 1, 1, 1, 1, 0, 0, 1, 1, 0, 0, 1, 0, 1, 1, 0, 1, 1, 1, 0, 0, 1, 0, 1, 1]
1,1,solve_opt_passive,0.9666,0.0478,0.9371,0.0893,0.3300,0.3429,0.7164,0.3823,0.2634,0.3254,0.7542,0.1084,1000000.00000000,[0, 1, 0, 1, 1, 1, 1, 0, 1, 0, 0, 0, 0, 1, 1, 0, 0, 0, 0, 0, 1, 0, 0, 1, 1, 0, 0, 0, 1, 1, 0, 1, 0, 1, 1, 0, 0, 1, 0, 1, 1, 0, 1, 1, 1, 0, 1, 0, 0, 1, 0, 0, 0, 1, 0, 0, 1, 0, 0, 0]
1,1,solve_opt_passive,0.9648,0.0473,0.9316,0.0918,0.3600,0.3803,0.8219,0.3031,0.3004,0.3532,0.7665,0.1177,1000000.00000000,[1, 0, 0, 0, 1, 1, 1, 0, 1, 0, 0, 1, 0, 0, 0, 0, 1, 0, 0, 0, 0, 0, 0, 1, 0, 0, 0, 0, 1, 1, 1, 0, 1, 0, 0, 1, 0, 0, 0, 1, 0, 0, 0, 1, 0, 1, 1, 0, 1, 1, 1, 0, 1, 0, 1, 1, 0, 1, 1, 0]
1,1,solve_opt_passive,0.9686,0.0457,0.9375,0.0886,0.3948,0.3387,0.8137,0.2706,0.3102,0.3118,0.7697,0.1040,1000000.00000000,[1, 1, 1, 0, 1, 0, 0, 1, 1, 1, 1, 1, 0, 1, 1, 0, 1, 0, 1, 0, 0, 0, 1, 1, 1, 0, 0, 0, 0, 0, 0, 1, 0, 0, 1, 1, 1, 1, 1, 1, 0, 1, 1, 0, 0, 1, 0, 0, 1, 0, 0, 1, 1, 1, 1, 0, 0, 1, 0, 0]
1,1,solve_opt_passive,0.9693,0.0468,0.9403,0.0909,0.2635,0.3313,0.6451,0.4114,0.2105,0.3138,0.7367,0.1046,0.53191715,[0, 1, 1, 0, 0, 0, 0, 1, 0, 0, 1, 0, 0, 0, 0, 1, 0, 1, 0, 1, 0, 1, 0, 0, 0, 0, 0, 1, 1, 1, 1, 0, 0, 1, 0, 1, 0, 0, 1, 0, 0, 0, 1, 0, 1, 1, 1, 1, 1, 0, 0, 0, 0, 0, 1, 0, 0, 1, 0, 1]
1,1,solve_opt_passive,0.9635,0.0534,0.9406,0.0833,0.4392,0.4050,0.8569,0.3263,0.3800,0.3834,0.7930,0.1278,1000000.00000000,[1, 0, 0, 0, 1, 1, 1, 0, 1, 1, 0, 0, 1, 0, 1, 1, 1, 0, 0, 1, 1, 1, 1, 0, 0, 0, 0, 0, 1, 0, 1, 1, 1, 1, 1, 1, 1, 1, 0, 0, 1, 1, 1, 1, 0, 0, 0, 1, 1, 1, 0, 0, 0, 1, 0, 1, 1, 1, 0, 1]
1,1,solve_opt_passive,0.9641,0.0516,0.9357,0.0922,0.5480,0.3704,0.8924,0.1833,0.4658,0.3500,0.8215,0.1166,1000000.00000000,[1, 0, 1, 1, 1, 1, 0, 1, 1, 1, 0, 0, 1, 1, 1, 0, 0, 1, 1, 0, 1, 0, 0, 0, 1, 0, 0, 1, 1, 0, 0, 0, 0, 0, 0, 1, 0, 0, 1, 1, 0, 0, 1, 1, 0, 1, 1, 0, 1, 0, 0, 0, 0, 1, 0, 0, 1, 1, 0, 0]
1,1,solve_opt_passive,0.9716,0.0422,0.9446,0.0824,0.4034,0.3471,0.7412,0.4284,0.3206,0.3196,0.7733,0.1065,1000000.00000000,[1, 0, 1, 1, 1, 1, 1, 1, 1, 1, 0, 0, 1, 0, 0, 0, 1, 0, 1, 0, 1, 1, 1, 0, 1, 0, 0, 1, 1, 1, 0, 0, 0, 1, 1, 1, 0, 1, 0, 1, 0, 1, 1, 0, 1, 1, 0, 0, 0, 0, 1, 1, 1, 1, 0, 0, 1, 0, 1, 1]
1,1,solve_opt_passive,0.9757,0.0303,0.9544,0.0600,0.3814,0.3599,0.8319,0.3326,0.3106,0.3425,0.7699,0.1141,1000000.00000000,[1, 1, 1, 1, 1, 0, 1, 1, 0, 0, 0, 0, 1, 0, 0, 0, 1, 1, 1, 0, 1, 1, 0, 0, 0, 0, 0, 0, 0, 0, 1, 1, 0, 0, 1, 0, 0, 0, 0, 1, 0, 1, 0, 1, 1, 0, 1, 1, 1, 1, 1, 0, 0, 1, 1, 1, 0, 0, 0, 1]
1,1,solve_proxy,0.9811,0.0276,0.9552,0.0661,0.5418,0.3983,0.9103,0.1122,0.4819,0.4007,0.8241,0.1359,0.19980348,[0. 0. 0. 0. 0. 0. 1. 0. 0. 0. 0. 0. 0. 0. 0. 0. 0. 1. 0. 0. 0. 0. 0. 0.
 0. 0. 0. 0. 0. 1. 1. 1. 0. 0. 0. 0. 0. 0. 0. 0. 0. 1. 1. 1. 0. 0. 0. 0.
 0. 0. 0. 0. 0. 1. 0. 1. 0. 0. 0. 0.]
1,1,solve_proxy,0.9811,0.0276,0.9552,0.0661,0.5418,0.3983,0.9103,0.1122,0.4819,0.4007,0.8241,0.1359,0.19980348,[0. 0. 0. 0. 0. 0. 1. 0. 0. 0. 0. 0. 0. 0. 0. 0. 0. 1. 0. 0. 0. 0. 0. 0.
 0. 0. 0. 0. 0. 1. 1. 1. 0. 0. 0. 0. 0. 0. 0. 0. 0. 1. 1. 1. 0. 0. 0. 0.
 0. 0. 0. 0. 0. 1. 0. 1. 0. 0. 0. 0.]
1,1,solve_proxy,0.9811,0.0276,0.9552,0.0661,0.5418,0.3983,0.9103,0.1122,0.4819,0.4007,0.8241,0.1359,0.19980348,[0. 0. 0. 0. 0. 0. 1. 0. 0. 0. 0. 0. 0. 0. 0. 0. 0. 1. 0. 0. 0. 0. 0. 0.
 0. 0. 0. 0. 0. 1. 1. 1. 0. 0. 0. 0. 0. 0. 0. 0. 0. 1. 1. 1. 0. 0. 0. 0.
 0. 0. 0. 0. 0. 1. 0. 1. 0. 0. 0. 0.]
1,1,solve_proxy,0.9811,0.0276,0.9552,0.0661,0.5418,0.3983,0.9103,0.1122,0.4819,0.4007,0.8241,0.1359,0.19980348,[0. 0. 0. 0. 0. 0. 1. 0. 0. 0. 0. 0. 0. 0. 0. 0. 0. 1. 0. 0. 0. 0. 0. 0.
 0. 0. 0. 0. 0. 1. 1. 1. 0. 0. 0. 0. 0. 0. 0. 0. 0. 1. 1. 1. 0. 0. 0. 0.
 0. 0. 0. 0. 0. 1. 0. 1. 0. 0. 0. 0.]
1,1,solve_proxy,0.9811,0.0276,0.9552,0.0661,0.5418,0.3983,0.9103,0.1122,0.4819,0.4007,0.8241,0.1359,0.19980348,[0. 0. 0. 0. 0. 0. 1. 0. 0. 0. 0. 0. 0. 0. 0. 0. 0. 1. 0. 0. 0. 0. 0. 0.
 0. 0. 0. 0. 0. 1. 1. 1. 0. 0. 0. 0. 0. 0. 0. 0. 0. 1. 1. 1. 0. 0. 0. 0.
 0. 0. 0. 0. 0. 1. 0. 1. 0. 0. 0. 0.]
1,1,solve_proxy,0.9811,0.0276,0.9552,0.0661,0.5418,0.3983,0.9103,0.1122,0.4819,0.4007,0.8241,0.1359,0.19980348,[0. 0. 0. 0. 0. 0. 1. 0. 0. 0. 0. 0. 0. 0. 0. 0. 0. 1. 0. 0. 0. 0. 0. 0.
 0. 0. 0. 0. 0. 1. 1. 1. 0. 0. 0. 0. 0. 0. 0. 0. 0. 1. 1. 1. 0. 0. 0. 0.
 0. 0. 0. 0. 0. 1. 0. 1. 0. 0. 0. 0.]
1,1,solve_proxy,0.9811,0.0276,0.9552,0.0661,0.5418,0.3983,0.9103,0.1122,0.4819,0.4007,0.8241,0.1359,0.19980348,[0. 0. 0. 0. 0. 0. 1. 0. 0. 0. 0. 0. 0. 0. 0. 0. 0. 1. 0. 0. 0. 0. 0. 0.
 0. 0. 0. 0. 0. 1. 1. 1. 0. 0. 0. 0. 0. 0. 0. 0. 0. 1. 1. 1. 0. 0. 0. 0.
 0. 0. 0. 0. 0. 1. 0. 1. 0. 0. 0. 0.]
1,1,solve_proxy,0.9811,0.0276,0.9552,0.0661,0.5418,0.3983,0.9103,0.1122,0.4819,0.4007,0.8241,0.1359,0.19980348,[0. 0. 0. 0. 0. 0. 1. 0. 0. 0. 0. 0. 0. 0. 0. 0. 0. 1. 0. 0. 0. 0. 0. 0.
 0. 0. 0. 0. 0. 1. 1. 1. 0. 0. 0. 0. 0. 0. 0. 0. 0. 1. 1. 1. 0. 0. 0. 0.
 0. 0. 0. 0. 0. 1. 0. 1. 0. 0. 0. 0.]
1,1,solve_proxy,0.9811,0.0276,0.9552,0.0661,0.5418,0.3983,0.9103,0.1122,0.4819,0.4007,0.8241,0.1359,0.19980348,[0. 0. 0. 0. 0. 0. 1. 0. 0. 0. 0. 0. 0. 0. 0. 0. 0. 1. 0. 0. 0. 0. 0. 0.
 0. 0. 0. 0. 0. 1. 1. 1. 0. 0. 0. 0. 0. 0. 0. 0. 0. 1. 1. 1. 0. 0. 0. 0.
 0. 0. 0. 0. 0. 1. 0. 1. 0. 0. 0. 0.]
1,1,solve_proxy,0.9811,0.0276,0.9552,0.0661,0.5418,0.3983,0.9103,0.1122,0.4819,0.4007,0.8241,0.1359,0.19980348,[0. 0. 0. 0. 0. 0. 1. 0. 0. 0. 0. 0. 0. 0. 0. 0. 0. 1. 0. 0. 0. 0. 0. 0.
 0. 0. 0. 0. 0. 1. 1. 1. 0. 0. 0. 0. 0. 0. 0. 0. 0. 1. 1. 1. 0. 0. 0. 0.
 0. 0. 0. 0. 0. 1. 0. 1. 0. 0. 0. 0.]
1,1,solve_proxy,0.9811,0.0276,0.9552,0.0661,0.5418,0.3983,0.9103,0.1122,0.4819,0.4007,0.8241,0.1359,0.19980348,[0. 0. 0. 0. 0. 0. 1. 0. 0. 0. 0. 0. 0. 0. 0. 0. 0. 1. 0. 0. 0. 0. 0. 0.
 0. 0. 0. 0. 0. 1. 1. 1. 0. 0. 0. 0. 0. 0. 0. 0. 0. 1. 1. 1. 0. 0. 0. 0.
 0. 0. 0. 0. 0. 1. 0. 1. 0. 0. 0. 0.]
1,1,solve_proxy,0.9811,0.0276,0.9552,0.0661,0.5418,0.3983,0.9103,0.1122,0.4819,0.4007,0.8241,0.1359,0.19980348,[0. 0. 0. 0. 0. 0. 1. 0. 0. 0. 0. 0. 0. 0. 0. 0. 0. 1. 0. 0. 0. 0. 0. 0.
 0. 0. 0. 0. 0. 1. 1. 1. 0. 0. 0. 0. 0. 0. 0. 0. 0. 1. 1. 1. 0. 0. 0. 0.
 0. 0. 0. 0. 0. 1. 0. 1. 0. 0. 0. 0.]
