1,1,solve_random,0.9500,0.0572,0.8713,0.1554,0.5317,0.4288,0.6923,0.3824,0.4824,0.4086,0.8256,0.1364,0.11189225,[0. 0. 0. 0. 0. 0. 0. 0. 0. 0. 0. 0. 0. 0. 0. 0. 0. 0. 0. 0. 0. 0. 0. 0.
 0. 0. 0. 0. 0. 0. 0. 0. 0. 0. 0. 0. 0. 0. 0. 0. 1. 0. 0. 0. 0. 0. 0. 0.
 0. 0. 0. 0. 0. 0. 0. 0. 0. 0. 0. 0.]
1,1,solve_random,0.9642,0.0413,0.9110,0.1084,0.4643,0.4163,0.7122,0.3795,0.4097,0.3990,0.8026,0.1332,0.12516651,[0. 0. 0. 0. 0. 1. 0. 0. 0. 0. 0. 0. 0. 0. 0. 0. 0. 0. 0. 0. 0. 0. 0. 0.
 0. 0. 0. 0. 0. 0. 0. 0. 0. 0. 0. 0. 0. 0. 0. 0. 1. 0. 0. 0. 0. 0. 0. 0.
 0. 0. 0. 0. 0. 0. 0. 0. 0. 0. 0. 0.]
1,1,solve_random,0.9643,0.0414,0.9108,0.1089,0.5913,0.4156,0.7660,0.2986,0.5448,0.4115,0.8422,0.1413,0.13005316,[0. 0. 0. 0. 0. 1. 0. 0. 0. 0. 0. 0. 0. 0. 0. 0. 0. 0. 0. 0. 0. 0. 0. 0.
 0. 0. 0. 0. 0. 0. 0. 0. 0. 0. 0. 0. 0. 0. 0. 0. 1. 0. 0. 0. 0. 0. 0. 0.
 0. 0. 0. 0. 0. 0. 0. 0. 0. 1. 0. 0.]
1,1,solve_random,0.9438,0.0925,0.8889,0.1660,0.5250,0.4230,0.7319,0.3390,0.4712,0.4015,0.8224,0.1341,0.14442470,[0. 0. 0. 0. 0. 1. 0. 0. 0. 0. 0. 0. 0. 0. 0. 0. 0. 0. 0. 1. 0. 0. 0. 0.
 0. 0. 0. 0. 0. 0. 0. 0. 0. 0. 0. 0. 0. 0. 0. 0. 1. 0. 0. 0. 0. 0. 0. 0.
 0. 0. 0. 0. 0. 0. 0. 0. 0. 1. 0. 0.]
1,1,solve_random,0.9419,0.1006,0.8864,0.1724,0.4012,0.3711,0.7551,0.3407,0.3257,0.3238,0.7749,0.1079,0.16491707,[0. 0. 0. 0. 0. 1. 0. 0. 0. 0. 0. 0. 0. 0. 0. 0. 0. 0. 0. 1. 0. 0. 0. 0.
 0. 0. 0. 0. 0. 0. 0. 0. 0. 0. 1. 0. 0. 0. 0. 0. 1. 0. 0. 0. 0. 0. 0. 0.
 0. 0. 0. 0. 0. 0. 0. 0. 0. 1. 0. 0.]
1,1,solve_random,0.8920,0.1666,0.8306,0.2468,0.3891,0.3971,0.6946,0.3971,0.3331,0.3761,0.7775,0.1254,0.17021855,[0. 0. 0. 0. 0. 1. 0. 0. 0. 0. 0. 0. 0. 0. 0. 0. 0. 0. 0. 1. 0. 0. 0. 0.
 0. 0. 0. 0. 0. 0. 0. 0. 0. 0. 1. 0. 0. 0. 0. 0. 1. 0. 0. 0. 0. 0. 0. 0.
 0. 0. 0. 0. 0. 0. 0. 0. 1. 1. 0. 0.]
1,1,solve_random,0.8920,0.1665,0.8305,0.2465,0.2406,0.2900,0.6040,0.4243,0.1738,0.2261,0.7245,0.0753,0.18065235,[0. 0. 0. 0. 0. 1. 0. 0. 0. 0. 0. 0. 0. 0. 0. 0. 0. 0. 0. 1. 0. 0. 0. 0.
 0. 0. 0. 0. 0. 1. 0. 0. 0. 0. 1. 0. 0. 0. 0. 0. 1. 0. 0. 0. 0. 0. 0. 0.
 0. 0. 0. 0. 0. 0. 0. 0. 1. 1. 0. 0.]
1,1,solve_random,0.8918,0.1667,0.8301,0.2468,0.1970,0.2527,0.5624,0.4634,0.1351,0.1850,0.7116,0.0617,0.18739457,[0. 0. 0. 0. 0. 1. 0. 0. 0. 0. 0. 0. 0. 0. 0. 0. 0. 0. 0. 1. 0. 0. 0. 0.
 0. 0. 0. 0. 0. 1. 0. 0. 0. 1. 1. 0. 0. 0. 0. 0. 1. 0. 0. 0. 0. 0. 0. 0.
 0. 0. 0. 0. 0. 0. 0. 0. 1. 1. 0. 0.]
1,1,solve_greedy_accuracy,0.9814,0.0275,0.9622,0.0612,0.7949,0.3065,0.9316,0.1085,0.7575,0.3112,0.9093,0.1050,0.10205621,[0. 0. 0. 0. 0. 0. 1. 0. 0. 0. 0. 0. 0. 0. 0. 0. 0. 0. 0. 0. 0. 0. 0. 0.
 0. 0. 0. 0. 0. 0. 0. 0. 0. 0. 0. 0. 0. 0. 0. 0. 0. 0. 0. 0. 0. 0. 0. 0.
 0. 0. 0. 0. 0. 0. 0. 0. 0. 0. 0. 0.]
1,1,solve_greedy_accuracy,0.9817,0.0280,0.9612,0.0634,0.6390,0.3853,0.8681,0.2469,0.5845,0.3969,0.8571,0.1361,0.10752266,[0. 0. 0. 0. 0. 0. 1. 0. 0. 0. 0. 0. 0. 0. 0. 0. 0. 0. 0. 0. 0. 0. 0. 0.
 0. 0. 0. 0. 0. 0. 0. 0. 0. 0. 0. 0. 0. 0. 0. 0. 0. 0. 1. 0. 0. 0. 0. 0.
 0. 0. 0. 0. 0. 0. 0. 0. 0. 0. 0. 0.]
1,1,solve_greedy_accuracy,0.9812,0.0297,0.9578,0.0698,0.6617,0.3834,0.8736,0.2398,0.6119,0.3863,0.8645,0.1317,0.11709156,[0. 0. 0. 0. 0. 0. 1. 0. 0. 0. 0. 0. 0. 0. 0. 0. 0. 1. 0. 0. 0. 0. 0. 0.
 0. 0. 0. 0. 0. 0. 0. 0. 0. 0. 0. 0. 0. 0. 0. 0. 0. 0. 1. 0. 0. 0. 0. 0.
 0. 0. 0. 0. 0. 0. 0. 0. 0. 0. 0. 0.]
1,1,solve_greedy_accuracy,0.9803,0.0315,0.9555,0.0734,0.6626,0.3757,0.8680,0.2446,0.6126,0.3742,0.8624,0.1261,0.12340663,[0. 0. 0. 0. 0. 0. 1. 0. 0. 0. 0. 0. 0. 0. 0. 0. 0. 1. 0. 0. 0. 0. 0. 0.
 0. 0. 0. 0. 0. 0. 0. 0. 0. 0. 0. 0. 0. 0. 0. 0. 0. 1. 1. 0. 0. 0. 0. 0.
 0. 0. 0. 0. 0. 0. 0. 0. 0. 0. 0. 0.]
1,1,solve_greedy_accuracy,0.9806,0.0309,0.9568,0.0740,0.6460,0.3702,0.8732,0.2358,0.5870,0.3803,0.8562,0.1304,0.13447829,[0. 0. 0. 0. 0. 0. 1. 0. 0. 0. 0. 0. 0. 0. 0. 0. 0. 1. 0. 0. 0. 0. 0. 0.
 0. 0. 0. 0. 0. 0. 0. 1. 0. 0. 0. 0. 0. 0. 0. 0. 0. 1. 1. 0. 0. 0. 0. 0.
 0. 0. 0. 0. 0. 0. 0. 0. 0. 0. 0. 0.]
1,1,solve_greedy_accuracy,0.9801,0.0317,0.9546,0.0754,0.6064,0.3896,0.8644,0.2293,0.5488,0.3955,0.8445,0.1355,0.14771639,[0. 0. 0. 0. 0. 0. 1. 0. 0. 0. 0. 0. 0. 0. 0. 0. 0. 1. 0. 0. 0. 0. 0. 0.
 0. 0. 0. 0. 0. 0. 0. 1. 0. 0. 0. 0. 0. 0. 0. 0. 0. 1. 1. 0. 0. 0. 0. 0.
 0. 0. 0. 0. 0. 1. 0. 0. 0. 0. 0. 0.]
1,1,solve_greedy_accuracy,0.9800,0.0317,0.9545,0.0754,0.5299,0.3923,0.8947,0.1546,0.4665,0.3941,0.8185,0.1342,0.15048612,[0. 0. 0. 0. 0. 0. 1. 0. 0. 0. 0. 0. 0. 0. 0. 0. 0. 1. 0. 0. 0. 0. 0. 0.
 0. 0. 0. 0. 0. 1. 0. 1. 0. 0. 0. 0. 0. 0. 0. 0. 0. 1. 1. 0. 0. 0. 0. 0.
 0. 0. 0. 0. 0. 1. 0. 0. 0. 0. 0. 0.]
1,1,solve_greedy_accuracy,0.9796,0.0319,0.9535,0.0739,0.5482,0.3988,0.8657,0.2141,0.4897,0.4047,0.8264,0.1376,0.16831994,[0. 0. 0. 0. 0. 0. 1. 0. 0. 0. 0. 0. 0. 0. 0. 0. 0. 1. 0. 0. 0. 0. 0. 0.
 0. 0. 0. 0. 0. 1. 0. 1. 0. 0. 0. 0. 0. 0. 0. 0. 0. 1. 1. 0. 0. 0. 0. 0.
 0. 0. 0. 0. 0. 1. 0. 1. 0. 0. 0. 0.]
1,1,solve_greedy_accuracy,0.9795,0.0319,0.9527,0.0737,0.4938,0.4063,0.9074,0.1197,0.4373,0.4070,0.8111,0.1366,0.17942000,[0. 0. 0. 0. 0. 0. 1. 0. 0. 0. 0. 0. 0. 0. 0. 0. 0. 1. 0. 0. 0. 0. 0. 0.
 0. 0. 0. 0. 0. 1. 0. 1. 0. 0. 0. 0. 0. 0. 0. 0. 0. 1. 1. 1. 0. 0. 0. 0.
 0. 0. 0. 0. 0. 1. 0. 1. 0. 0. 0. 0.]
1,1,solve_greedy_accuracy,0.9811,0.0276,0.9552,0.0661,0.5418,0.3983,0.9103,0.1122,0.4819,0.4007,0.8241,0.1359,0.19980348,[0. 0. 0. 0. 0. 0. 1. 0. 0. 0. 0. 0. 0. 0. 0. 0. 0. 1. 0. 0. 0. 0. 0. 0.
 0. 0. 0. 0. 0. 1. 1. 1. 0. 0. 0. 0. 0. 0. 0. 0. 0. 1. 1. 1. 0. 0. 0. 0.
 0. 0. 0. 0. 0. 1. 0. 1. 0. 0. 0. 0.]
1,1,solve_greedy_latency,0.9725,0.0359,0.9391,0.0830,0.6090,0.3178,0.8777,0.2086,0.5384,0.3459,0.8320,0.1077,0.06120393,[0. 0. 0. 0. 0. 0. 0. 0. 0. 0. 0. 0. 0. 0. 0. 0. 0. 0. 0. 0. 0. 0. 0. 0.
 0. 0. 0. 0. 0. 0. 0. 0. 0. 0. 0. 0. 0. 0. 0. 0. 0. 1. 0. 0. 0. 0. 0. 0.
 0. 0. 0. 0. 0. 0. 0. 0. 0. 0. 0. 0.]
1,1,solve_greedy_latency,0.9726,0.0436,0.9296,0.1144,0.5274,0.2901,0.8870,0.1672,0.4160,0.2707,0.7978,0.0958,0.17374720,[0. 0. 0. 0. 0. 0. 0. 0. 0. 0. 0. 0. 0. 0. 0. 0. 0. 0. 0. 0. 0. 0. 0. 0.
 0. 0. 0. 0. 0. 0. 0. 0. 0. 0. 0. 0. 0. 0. 0. 0. 0. 1. 0. 0. 0. 0. 0. 0.
 0. 1. 0. 0. 0. 0. 0. 0. 0. 0. 0. 0.]
1,1,solve_greedy_latency,0.9725,0.0437,0.9292,0.1148,0.3862,0.2636,0.8554,0.2122,0.2788,0.2306,0.7531,0.0820,0.08067015,[0. 0. 0. 0. 0. 0. 0. 0. 0. 0. 0. 0. 0. 0. 0. 0. 0. 0. 0. 0. 0. 0. 0. 0.
 0. 0. 0. 0. 0. 0. 0. 0. 0. 1. 0. 0. 0. 0. 0. 0. 0. 1. 0. 0. 0. 0. 0. 0.
 0. 1. 0. 0. 0. 0. 0. 0. 0. 0. 0. 0.]
1,1,solve_greedy_latency,0.9720,0.0438,0.9286,0.1155,0.4117,0.3141,0.8427,0.2504,0.3140,0.2779,0.7701,0.0928,0.09689462,[0. 0. 0. 0. 0. 0. 0. 0. 0. 0. 0. 0. 0. 0. 0. 0. 0. 0. 0. 0. 0. 0. 0. 0.
 0. 0. 0. 0. 0. 0. 0. 0. 0. 1. 0. 0. 0. 1. 0. 0. 0. 1. 0. 0. 0. 0. 0. 0.
 0. 1. 0. 0. 0. 0. 0. 0. 0. 0. 0. 0.]
1,1,solve_greedy_latency,0.9723,0.0448,0.9304,0.1131,0.3662,0.3326,0.8560,0.1916,0.2868,0.3115,0.7614,0.1039,0.10984128,[0. 0. 0. 0. 0. 0. 0. 0. 0. 0. 0. 0. 0. 0. 0. 0. 0. 0. 0. 0. 0. 0. 0. 0.
 0. 0. 0. 0. 0. 0. 0. 0. 0. 1. 0. 0. 0. 1. 0. 0. 0. 1. 0. 0. 0. 0. 0. 0.
 0. 1. 0. 0. 0. 1. 0. 0. 0. 0. 0. 0.]
1,1,solve_greedy_latency,0.9723,0.0448,0.9304,0.1131,0.1772,0.2529,0.7587,0.2925,0.1238,0.1915,0.7075,0.0638,0.12940879,[0. 0. 0. 0. 0. 0. 0. 0. 0. 0. 0. 0. 0. 0. 0. 0. 0. 0. 0. 0. 0. 0. 0. 0.
 0. 0. 0. 0. 0. 1. 0. 0. 0. 1. 0. 0. 0. 1. 0. 0. 0. 1. 0. 0. 0. 0. 0. 0.
 0. 1. 0. 0. 0. 1. 0. 0. 0. 0. 0. 0.]
1,1,solve_greedy_latency,0.9715,0.0435,0.9294,0.1104,0.2323,0.3655,0.7666,0.2393,0.2015,0.3403,0.7334,0.1134,0.10810608,[0. 0. 0. 0. 0. 0. 0. 0. 0. 0. 0. 0. 0. 0. 0. 0. 0. 0. 0. 0. 0. 1. 0. 0.
 0. 0. 0. 0. 0. 1. 0. 0. 0. 1. 0. 0. 0. 1. 0. 0. 0. 1. 0. 0. 0. 0. 0. 0.
 0. 1. 0. 0. 0. 1. 0. 0. 0. 0. 0. 0.]
1,1,solve_greedy_latency,0.9752,0.0397,0.9356,0.1076,0.3248,0.3916,0.8242,0.2223,0.2846,0.3898,0.7611,0.1299,0.15864481,[0. 0. 0. 0. 0. 0. 0. 0. 0. 0. 0. 0. 0. 0. 0. 0. 0. 1. 0. 0. 0. 1. 0. 0.
 0. 0. 0. 0. 0. 1. 0. 0. 0. 1. 0. 0. 0. 1. 0. 0. 0. 1. 0. 0. 0. 0. 0. 0.
 0. 1. 0. 0. 0. 1. 0. 0. 0. 0. 0. 0.]
1,1,solve_greedy_latency,0.9752,0.0398,0.9348,0.1074,0.3194,0.3920,0.8087,0.2336,0.2806,0.3897,0.7597,0.1299,0.19084196,[0. 0. 0. 0. 0. 0. 0. 0. 0. 0. 0. 0. 0. 0. 0. 0. 0. 1. 0. 0. 0. 1. 0. 0.
 0. 0. 0. 0. 0. 1. 0. 0. 0. 1. 0. 0. 0. 1. 0. 0. 0. 1. 0. 0. 0. 1. 0. 0.
 0. 1. 0. 0. 0. 1. 0. 0. 0. 0. 0. 0.]
1,1,solve_opt_passive,0.8918,0.1667,0.8301,0.2468,0.1970,0.2527,0.5624,0.4634,0.1351,0.1850,0.7116,0.0617,0.18739457,[0. 0. 0. 0. 0. 1. 0. 0. 0. 0. 0. 0. 0. 0. 0. 0. 0. 0. 0. 1. 0. 0. 0. 0.
 0. 0. 0. 0. 0. 1. 0. 0. 0. 1. 1. 0. 0. 0. 0. 0. 1. 0. 0. 0. 0. 0. 0. 0.
 0. 0. 0. 0. 0. 0. 0. 0. 1. 1. 0. 0.]
1,1,solve_opt_passive,0.9811,0.0276,0.9552,0.0661,0.5418,0.3983,0.9103,0.1122,0.4819,0.4007,0.8241,0.1359,0.19980348,[0. 0. 0. 0. 0. 0. 1. 0. 0. 0. 0. 0. 0. 0. 0. 0. 0. 1. 0. 0. 0. 0. 0. 0.
 0. 0. 0. 0. 0. 1. 1. 1. 0. 0. 0. 0. 0. 0. 0. 0. 0. 1. 1. 1. 0. 0. 0. 0.
 0. 0. 0. 0. 0. 1. 0. 1. 0. 0. 0. 0.]
1,1,solve_opt_passive,0.9752,0.0398,0.9348,0.1074,0.3194,0.3920,0.8087,0.2336,0.2806,0.3897,0.7597,0.1299,0.19084196,[0. 0. 0. 0. 0. 0. 0. 0. 0. 0. 0. 0. 0. 0. 0. 0. 0. 1. 0. 0. 0. 1. 0. 0.
 0. 0. 0. 0. 0. 1. 0. 0. 0. 1. 0. 0. 0. 1. 0. 0. 0. 1. 0. 0. 0. 1. 0. 0.
 0. 1. 0. 0. 0. 1. 0. 0. 0. 0. 0. 0.]
1,1,solve_opt_passive,0.9820,0.0267,0.9556,0.0634,0.2818,0.3246,0.7598,0.4040,0.2216,0.3109,0.7402,0.1037,1000000.00000000,[1, 1, 1, 1, 0, 0, 1, 0, 1, 0, 0, 0, 0, 1, 0, 1, 0, 1, 1, 1, 0, 0, 1, 0, 0, 0, 1, 1, 0, 1, 1, 0, 0, 0, 0, 1, 0, 1, 0, 0, 0, 1, 1, 1, 1, 0, 1, 0, 0, 1, 1, 1, 1, 0, 0, 0, 1, 1, 1, 1]
1,1,solve_proxy,0.9811,0.0276,0.9552,0.0661,0.5418,0.3983,0.9103,0.1122,0.4819,0.4007,0.8241,0.1359,0.19980348,[0. 0. 0. 0. 0. 0. 1. 0. 0. 0. 0. 0. 0. 0. 0. 0. 0. 1. 0. 0. 0. 0. 0. 0.
 0. 0. 0. 0. 0. 1. 1. 1. 0. 0. 0. 0. 0. 0. 0. 0. 0. 1. 1. 1. 0. 0. 0. 0.
 0. 0. 0. 0. 0. 1. 0. 1. 0. 0. 0. 0.]
1,1,solve_proxy,0.9811,0.0276,0.9552,0.0661,0.5418,0.3983,0.9103,0.1122,0.4819,0.4007,0.8241,0.1359,0.19980348,[0. 0. 0. 0. 0. 0. 1. 0. 0. 0. 0. 0. 0. 0. 0. 0. 0. 1. 0. 0. 0. 0. 0. 0.
 0. 0. 0. 0. 0. 1. 1. 1. 0. 0. 0. 0. 0. 0. 0. 0. 0. 1. 1. 1. 0. 0. 0. 0.
 0. 0. 0. 0. 0. 1. 0. 1. 0. 0. 0. 0.]
1,1,solve_proxy,0.9811,0.0276,0.9552,0.0661,0.5418,0.3983,0.9103,0.1122,0.4819,0.4007,0.8241,0.1359,0.19980348,[0. 0. 0. 0. 0. 0. 1. 0. 0. 0. 0. 0. 0. 0. 0. 0. 0. 1. 0. 0. 0. 0. 0. 0.
 0. 0. 0. 0. 0. 1. 1. 1. 0. 0. 0. 0. 0. 0. 0. 0. 0. 1. 1. 1. 0. 0. 0. 0.
 0. 0. 0. 0. 0. 1. 0. 1. 0. 0. 0. 0.]
